0.42323175727244217
0.4142002763640122
0.40762438918665445
0.4014611440342961
0.3955149685759873
0.3897097331596025
0.3840062166459836
0.37838102108629607
0.372818840902134
0.3673090054583606
0.36184371894272427
0.35641707773605646
0.35102448240155426
0.34566226617834855
0.3403274497706702
0.3350175735629191
0.32973057929395494
0.3244647244396345
0.3192185188760368
0.3139906771140281
0.30878008166261706
0.30358575450464254
0.29840683459067624
0.29324255986831427
0.28809225277812067
0.2829553084335556
0.2778311849033616
0.2727193951586246
0.26761950035095
0.26253110416479913
0.2574538480440309
0.25238740713560076
0.24733148682600395
0.24228581977112568
0.23725016333960594
0.23222429740503533
0.22720802243428942
0.22220115782885216
0.21720354048360577
0.21221502353373606
0.20723547526539932
0.20226477816990077
0.19730282812451752
0.19234953368589483
0.18740481548431093
0.18246860570908366
0.1775408476770939
0.17262149547786515
0.16771051368991877
0.16280787716426356
0.15791357087190522
0.16280787716426356
0.16771051368991868
0.17262149547786515
0.1775408476770939
0.18246860570908366
0.18740481548431093
0.19234953368589475
0.19730282812451747
0.2022647781699008
0.20723547526539932
0.21221502353373606
0.21720354048360577
0.22220115782885205
0.22720802243428947
0.23222429740503536
0.237250163339606
0.24228581977112576
0.24733148682600403
0.25238740713560076
0.2574538480440309
0.26253110416479913
0.26761950035095
0.2727193951586246
0.2778311849033616
0.28295530843355554
0.28809225277812067
0.29324255986831427
0.29840683459067624
0.30358575450464254
0.308780081662617
0.3139906771140281
0.3192185188760367
0.3244647244396346
0.32973057929395494
0.3350175735629191
0.3403274497706702
0.34566226617834844
0.3510244824015543
0.35641707773605646
0.36184371894272427
0.3673090054583607
0.372818840902134
0.3783810210862962
0.3840062166459836
0.3897097331596023
0.3955149685759874
0.4014611440342963
0.40762438918665456
0.4142002763640122
0.42323175727244217
