0.8404343012194835
0.8093742719727354
0.7967311957090292
0.7871829346328203
0.7792626962619811
0.7723995082055671
0.7662992119199055
0.7607863227887248
0.755746048973986
0.7510983607121622
0.7467847894113672
0.7427610579278348
0.7389926704855441
0.735452126377978
0.7321170808868687
0.72896908689521
0.7259927074444558
0.7231748736035306
0.7205044094430231
0.7179716737944342
0.7155682854753285
0.713286909356996
0.7111210875687258
0.7090651047174866
0.7071138791075119
0.7052628740897512
0.7035080251797728
0.7018456796607215
0.7002725461696389
0.6987856523399837
0.6973823090006989
0.6960600797539502
0.6948167549984505
0.6936503296533393
0.6925589839834183
0.6915410670406147
0.6905950823264974
0.6897196753521939
0.6889136228293234
0.6881758232717785
0.6875052888257284
0.6869011381759663
0.686362590402068
0.6858889596788743
0.6854796507334715
0.6851341549857439
0.6848520473122981
0.6846329833845594
0.6844766975414375
0.6843830011655007
0.6843517815392895
0.6843830011655007
0.684476697541437
0.6846329833845594
0.6848520473122981
0.6851341549857439
0.6854796507334715
0.685888959678874
0.6863625904020679
0.6869011381759663
0.6875052888257281
0.6881758232717785
0.6889136228293233
0.6897196753521937
0.6905950823264975
0.6915410670406148
0.6925589839834182
0.6936503296533393
0.6948167549984509
0.6960600797539502
0.6973823090006989
0.6987856523399837
0.7002725461696389
0.7018456796607215
0.7035080251797728
0.7052628740897511
0.7071138791075119
0.7090651047174866
0.7111210875687258
0.713286909356996
0.7155682854753285
0.7179716737944342
0.720504409443023
0.7231748736035307
0.7259927074444558
0.7289690868952098
0.7321170808868687
0.7354521263779779
0.7389926704855442
0.7427610579278348
0.7467847894113672
0.7510983607121623
0.755746048973986
0.7607863227887249
0.7662992119199055
0.772399508205567
0.7792626962619813
0.7871829346328204
0.7967311957090294
0.8093742719727354
0.8404343012194835
