0.04983855422018879
0.04776049231981716
0.045733631435397326
0.04375728918399102
0.04183081181901205
0.03995357290168844
0.038124972059288886
0.036344433823603195
0.0346114065436367
0.03292536136711288
0.03128579128577291
0.029692210239952166
0.02814415227829259
0.02664117076875616
0.02518283765749396
0.02376874277235952
0.02239849316814224
0.021071712510820184
0.019788040498377235
0.018547132315873904
0.01734865812269215
0.01619230257004578
0.015077764346904998
0.014004755752762055
0.012973002295683989
0.011982242314235059
0.011032226622020969
0.010122718173616096
0.009253491750773835
0.008424333667925277
0.007635041495994477
0.006885423803663859
0.006175299915296639
0.005504499684763964
0.00487286328449299
0.004280241009104624
0.0037264930930734907
0.0032114895418577927
0.0027351099760264397
0.002297243487940026
0.001897788510567433
0.0015366526980791217
0.0012137528178779444
0.0009290146538023514
0.0006823729201643758
0.0004737711864708505
0.0003031618125793889
0.00017050589410061434
7.577321795371184e-05
1.8942227901552755e-05
2.220446049250313e-16
1.8942227901552755e-05
7.577321795448899e-05
0.00017050589410061434
0.0003031618125793889
0.0004737711864708505
0.0006823729201643758
0.0009290146538025734
0.0012137528178779444
0.0015366526980791217
0.001897788510567211
0.002297243487940026
0.0027351099760264397
0.0032114895418577927
0.0037264930930734907
0.004280241009104846
0.00487286328449299
0.005504499684763964
0.006175299915296861
0.006885423803663859
0.007635041495994477
0.008424333667925277
0.009253491750773835
0.010122718173616096
0.011032226622020969
0.011982242314235503
0.012973002295682878
0.014004755752761833
0.015077764346904554
0.01619230257004578
0.01734865812269215
0.018547132315873904
0.019788040498377457
0.021071712510820184
0.02239849316814224
0.023768742772360296
0.02518283765749396
0.026641170768756606
0.02814415227829259
0.029692210239952166
0.03128579128577291
0.03292536136711244
0.0346114065436367
0.036344433823603195
0.038124972059288886
0.03995357290168955
0.04183081181901138
0.0437572891839908
0.04573363143539866
0.04776049231981716
0.04983855422018879
