0.9262445735423789
0.9125091780113814
0.898641754579104
0.8846397404237496
0.8705004973703506
0.8562213089074249
0.8417993770544947
0.8272318190714654
0.8125156640001543
0.7976478490276119
0.7826252156600905
0.7674445056957068
0.7521023569829542
0.7365952989512544
0.7209197478986805
0.7050720020208545
0.6890482361637608
0.6728444962818783
0.6564566935815352
0.6398805983277998
0.6231118332914226
0.6061458668104488
0.5889780054389706
0.5716033861532003
0.554016968082466
0.5362135237299718
0.5181876296450524
0.49993365650528504
0.48144575856308147
0.462717862407249
0.4437436549854753
0.4245165708286111
0.4050297784120774
0.38527616558348704
0.3652483239787059
0.3449385323408972
0.32433873864855883
0.3034405409490262
0.28223516678326876
0.2607134510758708
0.23886581235073354
0.21668222711800467
0.19415220226087268
0.17126474523180207
0.14800833184632672
0.12437087143818618
0.10033966911206198
0.07590138479888299
0.051041988783080576
0.025746713330588165
0.0
0.025746713330588165
0.05104198878308089
0.07590138479888299
0.10033966911206198
0.12437087143818618
0.14800833184632672
0.1712647452318018
0.1941522022608724
0.2166822271180052
0.23886581235073354
0.2607134510758708
0.28223516678326876
0.3034405409490262
0.32433873864855883
0.3449385323408975
0.3652483239787061
0.3852761655834875
0.4050297784120774
0.4245165708286111
0.4437436549854753
0.4627178624072485
0.48144575856308147
0.49993365650528504
0.5181876296450524
0.536213523729972
0.5540169680824658
0.5716033861532007
0.5889780054389713
0.6061458668104488
0.6231118332914226
0.6398805983277998
0.6564566935815348
0.6728444962818778
0.6890482361637608
0.7050720020208544
0.7209197478986805
0.7365952989512543
0.7521023569829542
0.7674445056957068
0.7826252156600905
0.7976478490276122
0.8125156640001543
0.8272318190714657
0.8417993770544947
0.8562213089074244
0.8705004973703512
0.8846397404237493
0.898641754579104
0.9125091780113814
0.9262445735423789
