0.3385599999999999
0.29813644639518183
0.2816819199999999
0.26925518851238095
0.2589472722575992
0.25001507042049204
0.24207574583229852
0.2349009113354819
0.2283411693238292
0.22229236382858028
0.21667839999999988
0.2114416526671558
0.20653722677086947
0.20192933109294084
0.19758888475551586
0.19349187947395188
0.18961822458071198
0.18595091131409502
0.1824753945885809
0.17917912675688585
0.17605119999999994
0.17308206790165154
0.17026332576650713
0.16758753520824934
0.16504808257562933
0.16263906357684418
0.16035518842600904
0.15819170323849474
0.15614432441926923
0.1542091835361025
0.15238278072589
0.15066194510113298
0.14904380094219272
0.14752573870569077
0.1461053900692176
0.1447806063809673
0.14354943999999994
0.14241012810590367
0.14136107863116898
0.14040085802972996
0.13952818064399852
0.1387418994727214
0.13804099817497986
0.1374245841730542
0.13689188273984007
0.1364422319759096
0.13607507859787282
0.1357899744740007
0.13558657385557485
0.1354646312635327
0.1354239999999999
0.1354646312635327
0.13558657385557477
0.1357899744740007
0.13607507859787282
0.1364422319759096
0.13689188273984007
0.13742458417305412
0.13804099817497983
0.13874189947272136
0.13952818064399844
0.14040085802972996
0.1413610786311689
0.14241012810590362
0.14354943999999997
0.14478060638096732
0.14610539006921755
0.1475257387056908
0.14904380094219277
0.15066194510113298
0.15238278072589
0.15420918353610247
0.15614432441926923
0.15819170323849474
0.16035518842600904
0.16263906357684418
0.16504808257562936
0.1675875352082494
0.17026332576650718
0.17308206790165154
0.17605119999999994
0.17917912675688588
0.18247539458858084
0.18595091131409502
0.18961822458071198
0.19349187947395188
0.19758888475551586
0.2019293310929408
0.20653722677086955
0.2114416526671558
0.21667839999999988
0.22229236382858034
0.2283411693238292
0.23490091133548205
0.24207574583229852
0.2500150704204919
0.2589472722575992
0.26925518851238095
0.2816819199999999
0.29813644639518183
0.3385599999999999
