0 0 0.05233609621328583
0 1 0.05906630399659685
0 2 0.061413781808701495
0 3 0.06303274194492636
0 4 0.06427398596614176
0 5 0.06527434968582058
0 6 0.06610447356733862
0 7 0.06680658574873721
0 8 0.06740836610052281
0 9 0.06792915157769353
0 10 0.06838309783904362
0 11 0.06878094576709914
0 12 0.06913107946447483
0 13 0.06944019528339929
0 14 0.06971374381204509
0 15 0.06995623258176509
0 16 0.0701714397453258
0 17 0.07036256883925918
0 18 0.0705323633856012
0 19 0.07068319340686968
0 20 0.07081712185317413
0 21 0.07093595637554717
0 22 0.07104129022007721
0 23 0.07113453491705224
0 24 0.07121694669364087
0 25 0.07128964802321658
0 26 0.07135364536188649
0 27 0.07140984386356675
0 28 0.07145905967690913
0 29 0.07150203028912028
0 30 0.07153942327875817
0 31 0.07157184376208736
0 32 0.07159984075856374
0 33 0.07162391265568435
0 34 0.07164451191822374
0 35 0.0716620491593738
0 36 0.07167689666956722
0 37 0.07168939148145603
0 38 0.07169983803569957
0 39 0.07170851050102933
0 40 0.07171565479294495
0 41 0.07172149032798736
0 42 0.07172621154433023
0 43 0.07172998921441465
0 44 0.07173297157096292
0 45 0.07173528526417738
0 46 0.07173703616476235
0 47 0.07173831002479747
0 48 0.0717391730061051
0 49 0.07173967208369103
1 0 0.05385201869639944
1 1 0.058344180198917184
1 2 0.059658766538077335
1 3 0.060454781927422596
1 4 0.060986808967026684
1 5 0.06135395740527039
1 6 0.06160728817793082
1 7 0.06177725933217837
1 8 0.06188378989222687
1 9 0.06194076123939407
1 10 0.06195830903513899
1 11 0.06194410296806585
1 12 0.061904112715971626
1 13 0.06184309199234295
1 14 0.06176489811897512
1 15 0.06167271075269343
1 16 0.06156918618184948
1 17 0.06145656900636387
1 18 0.06133677478195931
1 19 0.061211452367796015
1 20 0.061082031764824074
1 21 0.06094976137497976
1 22 0.06081573741005175
1 23 0.060680927382769756
1 24 0.060546189073222845
1 25 0.06041228599103976
1 26 0.06027990009161832
1 27 0.060149642317389174
1 28 0.060022061399235715
1 29 0.059897651253358886
1 30 0.05977685723451387
1 31 0.05966008145061208
1 32 0.059547687301132135
1 33 0.05944000336902577
1 34 0.05933732677046277
1 35 0.05923992604690553
1 36 0.05914804366830939
1 37 0.05906189820381469
1 38 0.058981686206341144
1 39 0.05890758384934991
1 40 0.058839748347594534
1 41 0.05877831918822862
1 42 0.05872341919424673
1 43 0.058675155438547844
1 44 0.058633620023774036
1 45 0.058598890740527376
1 46 0.058571031614222835
1 47 0.0585500933489953
1 48 0.058536113675261014
1 49 0.0585291176060867
2 0 0.053829328318849345
2 1 0.057251919167554455
2 2 0.058086429530504136
2 3 0.058504809386070056
2 4 0.05871452342107053
2 5 0.05879619775078815
2 6 0.0587912955084291
2 7 0.058724502180039995
2 8 0.05861192872718646
2 9 0.05846477846115994
2 10 0.05829121294655937
2 11 0.05809739324592855
2 12 0.05788810275709766
2 13 0.057667140574261255
2 14 0.0574375810302552
2 15 0.05720195122631255
2 16 0.05696235618814938
2 17 0.056720569396098375
2 18 0.05647809973446816
2 19 0.05623624196506616
2 20 0.05599611542829097
2 21 0.05575869416458823
2 22 0.05552483067234426
2 23 0.05529527487107444
2 24 0.055070689400388506
2 25 0.05485166208249315
2 26 0.05463871616308602
2 27 0.054432318793513734
2 28 0.05423288810668336
2 29 0.05404079915833382
2 30 0.05385638894487099
2 31 0.053679960663689075
2 32 0.05351178734733608
2 33 0.05335211497639891
2 34 0.05320116515541462
2 35 0.05305913742002799
2 36 0.05292621123094432
2 37 0.05280254770012316
2 38 0.052688291086587236
2 39 0.0525835700926941
2 40 0.05248849898641661
2 41 0.052403178570796016
2 42 0.05232769701820428
2 43 0.052262130583985655
2 44 0.0522065442115639
2 45 0.05216099203898861
2 46 0.05212551781501251
2 47 0.052100155231205036
2 48 0.05208492817524091
2 49 0.052079850909153236
3 0 0.05358962797002409
3 1 0.05615071862063481
3 2 0.056603236238975785
3 3 0.05672291219563563
3 4 0.0566788607670653
3 5 0.056536658333459444
3 6 0.05632995072724967
3 7 0.05607872037017414
3 8 0.05579597491918664
3 9 0.055490734815475395
3 10 0.05516955232912801
3 11 0.054837358583538665
3 12 0.05449796981969546
3 13 0.05415440688080031
3 14 0.05380910584117826
3 15 0.05346406196128339
3 16 0.05312093108980742
3 17 0.052781102949591374
3 18 0.052445755287596096
3 19 0.05211589466281452
3 20 0.05179238769252659
3 21 0.051475985349018205
3 22 0.05116734210508467
3 23 0.05086703120072977
3 24 0.05057555694756344
3 25 0.050293364741561764
3 26 0.05002084928217532
3 27 0.049758361372425064
3 28 0.04950621358516116
3 29 0.04926468501513914
3 30 0.04903402528753853
3 31 0.04881445795698758
3 32 0.04860618340310696
3 33 0.04840938130716843
3 34 0.04822421277785971
3 35 0.04805082218108592
3 36 0.047889338718528296
3 37 0.04773987779153144
3 38 0.04760254218029414
3 39 0.0474774230631696
3 40 0.04736460089649641
3 41 0.0472641461719171
3 42 0.04717612006522387
3 43 0.04710057498834186
3 44 0.047037555054008195
3 45 0.0469870964610033
3 46 0.04694922780623745
3 47 0.0469239703287504
3 48 0.04691133808945214
3 49 0.04691133808945214
4 0 0.05325600605478342
4 1 0.05506981957515289
4 2 0.05519397923208069
4 3 0.05505805512018369
4 4 0.05479764015873534
4 5 0.05446515191777801
4 6 0.054087399267245706
4 7 0.05368025040848834
4 8 0.053253997742320536
4 9 0.05281575154153173
4 10 0.05237065571910238
4 11 0.05192256500886083
4 12 0.051474449271073586
4 13 0.0510286483514778
4 14 0.05058703991448432
4 15 0.05015115401767489
4 16 0.049722253723742726
4 17 0.04930139329118566
4 18 0.04888946111809711
4 19 0.048487212048693884
4 20 0.048095292090600594
4 21 0.047714257609509536
4 22 0.04734459043400707
4 23 0.04698670988362763
4 24 0.04664098244930748
4 25 0.04630772965949026
4 26 0.04598723452750564
4 27 0.0456797468776412
4 28 0.04538548777620677
4 29 0.045104653241623716
4 30 0.04483741736878932
4 31 0.04458393497377444
4 32 0.04434434384269992
4 33 0.04411876665166581
4 34 0.04390731261136882
4 35 0.04371007887977141
4 36 0.04352715177802102
4 37 0.04335860783841583
4 38 0.04320451470799369
4 39 0.043064931927157324
4 40 0.04293991159938093
4 41 0.0428294989652197
4 42 0.04273373289157001
4 43 0.04265264628519405
4 44 0.04258626643789243
4 45 0.04253461530933478
4 46 0.042497709752366664
4 47 0.042475561684542806
4 48 0.042468178208700635
4 49 0.042475561684542806
5 0 0.05287535611824701
5 1 0.054019028209176145
5 2 0.05385089637377383
5 3 0.053488311809719136
5 4 0.05303661934787529
5 5 0.052536359306489366
5 6 0.05200816798260233
5 7 0.05146419843997185
5 8 0.05091229084701343
5 9 0.0503578301801475
5 10 0.04980468824786721
5 11 0.04925574754426987
5 12 0.04871321349745272
5 13 0.0481788109702026
5 14 0.04765391344203307
5 15 0.04713963104451424
5 16 0.04663687239095182
5 17 0.046146389127774134
5 18 0.04566880875161361
5 19 0.045204659250460466
5 20 0.044754387919450744
5 21 0.0443183759433472
5 22 0.04389694984834103
5 23 0.04349039060197146
5 24 0.04309894092117661
5 25 0.042722811197462685
5 26 0.04236218434244443
5 27 0.04201721978134543
5 28 0.04168805676752918
5 29 0.041374817150960475
5 30 0.04107760770375135
5 31 0.04079652208364548
5 32 0.04053164249920238
5 33 0.04028304112754866
5 34 0.04005078132535911
5 35 0.039834918665991204
5 36 0.039635501829379916
5 37 0.03945257336645447
5 38 0.03928617035587367
5 39 0.03913632496768027
5 40 0.03900306494593031
5 41 0.038886414020209426
5 42 0.03878639225416558
5 43 0.038703016337806706
5 44 0.03863629982897332
5 45 0.03858625334840349
5 46 0.03855288473187146
5 47 0.038536199142048866
5 48 0.038536199142048866
5 49 0.03855288473187146
6 0 0.052471282052634294
6 1 0.05300254887567091
6 2 0.05256900195303671
6 3 0.05200128620382949
6 4 0.05137695806394482
6 5 0.05072564355291631
6 6 0.05006230561149094
6 7 0.049395682051411094
6 8 0.04873135847750021
6 9 0.048073133528911294
6 10 0.04742370934597395
6 11 0.04678507450451097
6 12 0.046158731645148054
6 13 0.04554584032365139
6 14 0.04494731065512203
6 15 0.04436386694467953
6 16 0.043796092243271856
6 17 0.04324446035364382
6 18 0.042709359331784214
6 19 0.0421911090759447
6 20 0.04168997471258029
6 21 0.04120617693492923
6 22 0.04073990009334372
6 23 0.040291298600702796
6 24 0.039860502057330605
6 25 0.0394476193902229
6 26 0.039052742224738424
6 27 0.03867594765224591
6 28 0.03831730051771376
6 29 0.03797685532239248
6 30 0.037654657815191284
6 31 0.037350746330383044
6 32 0.03706515291698542
6 33 0.03679790429590302
6 34 0.036549022673640574
6 35 0.03631852643583433
6 36 0.03610643073936204
6 37 0.03591274801834976
6 38 0.03573748841651636
6 39 0.03558066015610972
6 40 0.035442269851803654
6 41 0.035322322776458304
6 42 0.03522082308434804
6 43 0.03513777399649465
6 44 0.03507317795180176
6 45 0.035027036726975824
6 46 0.03499935152751221
6 47 0.034990123051517275
6 48 0.0349993515275121
6 49 0.035027036726975824
7 0 0.05205750953406829
7 1 0.052022353946305055
7 2 0.051344700888594774
7 3 0.05058889377180975
7 4 0.04980666747708695
7 5 0.049017503692363684
7 6 0.04823109117546032
7 7 0.0474529922896485
7 8 0.046686696159017105
7 9 0.04593452623250094
7 10 0.04519809693163712
7 11 0.04447856558535168
7 12 0.04377678138659069
7 13 0.04309337835611671
7 14 0.04242883593788527
7 15 0.0417835199316241
7 16 0.041157710980837425
7 17 0.04055162490803421
7 18 0.03996542754920562
7 19 0.03939924578120846
7 20 0.03885317585518122
7 21 0.038327289785964114
7 22 0.03782164031431012
7 23 0.037336264804893604
7 24 0.03687118833977421
7 25 0.036426426195892314
7 26 0.036001985845652174
7 27 0.035597868584356984
7 28 0.035214070862947255
7 29 0.034850585385929334
7 30 0.03450740202072533
7 31 0.03418450855440336
7 32 0.03388189132604413
7 33 0.03359953575706409
7 34 0.03333742679731588
7 35 0.033095549301168425
7 36 0.03287388834512561
7 37 0.03267242949621463
7 38 0.032491159038746886
7 39 0.03233006416558604
7 40 0.03218913313894389
7 41 0.032068355424832995
7 42 0.031967721804464055
7 43 0.031887224465316444
7 44 0.03182685707404109
7 45 0.03178661483287237
7 46 0.031766494520859334
7 47 0.031766494520859334
7 48 0.03178661483287315
7 49 0.03182685707404109
8 0 0.051642767314872384
8 1 0.051079362556842645
8 2 0.0501752137034126
8 3 0.04924537274390561
8 4 0.04831739234578103
8 5 0.04740125160039432
8 6 0.04650169778088986
8 7 0.04562131768129696
8 8 0.04476163572075542
8 9 0.04392359281996461
8 10 0.04310778401238169
8 11 0.04231458764611151
8 12 0.04154424062334083
8 13 0.04079688461424269
8 14 0.04007259567784527
8 15 0.039371403918799786
8 16 0.038693306912839676
8 17 0.03803827910037727
8 18 0.0374062784947965
8 19 0.036797251557206145
8 20 0.03621113679201404
8 21 0.035647867433072467
8 22 0.0351073734725329
8 23 0.03458958320764138
8 24 0.0340944244294501
8 25 0.03362182534242708
8 26 0.03317171527985441
8 27 0.03274402526281328
8 28 0.032338688438455554
8 29 0.03195564042448529
8 30 0.03159481958030719
8 31 0.03125616722059277
8 32 0.030939627783411305
8 33 0.030645148962447744
8 34 0.03037268181069286
8 35 0.030122180821544386
8 36 0.029893603991932416
8 37 0.029686912871188298
8 38 0.029502072598640905
8 39 0.029339051932293025
8 40 0.02919782327050513
8 41 0.029078362668204405
8 42 0.028980649848846296
8 43 0.028904668213097673
8 44 0.028850404844995015
8 45 0.028817850516182464
8 46 0.028806999688634427
8 47 0.028817850516182464
8 48 0.028850404844995015
8 49 0.028904668213097895
9 0 0.051232954496647776
9 1 0.05017394271986508
9 2 0.04905828977241122
9 3 0.04796636133498866
9 4 0.04690293520393052
9 5 0.04586903876965576
9 6 0.044864763425529475
9 7 0.04388989198907278
9 8 0.04294409730912774
9 9 0.042027017339564265
9 10 0.04113828640295791
9 11 0.04027754875545464
9 12 0.039444464362676235
9 13 0.03863871105614258
9 14 0.037859984960306736
9 15 0.03710800009448467
9 16 0.03638248759879836
9 17 0.035683194812181074
9 18 0.03500988431887575
9 19 0.034362333021838
9 20 0.033740331270832535
9 21 0.03314368205657536
9 22 0.03257220027366392
9 23 0.03202571205050564
9 24 0.03150405414228952
9 25 0.03100707338215436
9 26 0.030534626185443448
9 27 0.030086578102164085
9 28 0.029662803412992877
9 29 0.029263184764677486
9 30 0.028887612841041133
9 31 0.02853598606623342
9 32 0.028208210337252737
9 33 0.027904198783146317
9 34 0.02762387154856505
9 35 0.027367155599669735
9 36 0.027133984550641532
9 37 0.026924298509255706
9 38 0.02673804394019519
9 39 0.02657517354496175
9 40 0.02643564615738303
9 41 0.026319426653894973
9 42 0.026226485877879346
9 43 0.02615680057746106
9 44 0.026110353356309624
9 45 0.026087132637056865
9 46 0.026087132637056865
9 47 0.026110353356310068
9 48 0.02615680057746106
9 49 0.026226485877879346
10 0 0.0508322358416734
10 1 0.04930615415027806
10 2 0.04799204620890474
10 3 0.04674841089851822
10 4 0.04555848623827885
10 5 0.0444148313654511
10 6 0.043313132428423384
10 7 0.042250518853425456
10 8 0.04122491120716343
10 9 0.040234714305255825
10 10 0.03927865326329705
10 11 0.03835567765140402
10 12 0.03746490153920401
10 13 0.03660556395751713
10 14 0.0357770016941481
10 15 0.034978629912505
10 16 0.03420992793551547
10 17 0.03347042855753324
10 18 0.03275970983672505
10 19 0.03207738867557164
10 20 0.03142311571891532
10 21 0.03079657124172841
10 22 0.03019746179325833
10 23 0.02962551742820152
10 24 0.02908048939987795
10 25 0.02856214822167602
10 26 0.028070282025471793
10 27 0.02760469516217079
10 28 0.027165207001598635
10 29 0.0267516508981257
10 30 0.026363873295286444
10 31 0.02600173294797059
10 32 0.025665100244915973
10 33 0.025353856617429615
10 34 0.025067894022835713
10 35 0.024807114493212934
10 36 0.024571429741617967
10 37 0.02436076081932803
10 38 0.02417503781875241
10 39 0.024014199617600762
10 40 0.023878193660577418
10 41 0.023766975775663335
10 42 0.023680510022426327
10 43 0.023618768570476623
10 44 0.023581731606439837
10 45 0.02356938726832003
10 46 0.023581731606439615
10 47 0.0236187685704764
10 48 0.023680510022426327
10 49 0.023766975775663335
11 0 0.050443648751306025
11 1 0.04847587660398622
11 2 0.046974869360014604
11 3 0.04558870446613872
11 4 0.044280182693651526
11 5 0.043033826460507796
11 6 0.04184114038512532
11 7 0.040696734913446275
11 8 0.03959686695546338
11 9 0.03853877052068777
11 10 0.037520307495496286
11 11 0.03653976794516589
11 12 0.03559574775964092
11 13 0.034687069529377945
11 14 0.03381272910470501
11 15 0.03297185818768833
11 16 0.03216369735018931
11 17 0.031387576070308176
11 18 0.030642897634698185
11 19 0.029929127501626684
11 20 0.029245784181088363
11 21 0.028592431982078503
11 22 0.027968675169485868
11 23 0.027374153202177398
11 24 0.026808536812228168
11 25 0.02627152474718586
11 26 0.025762841041201634
11 27 0.025282232712715902
11 28 0.024829467809747263
11 29 0.02440433374117157
11 30 0.0240066358454748
11 31 0.023636196158449474
11 32 0.023292852348908877
11 33 0.02297645679758209
11 34 0.022686875798910044
11 35 0.022423988869310296
11 36 0.022187688148372353
11 37 0.021977877881904417
11 38 0.021794473977695406
11 39 0.02163740362648736
11 40 0.021506604982009403
11 41 0.021402026895030013
11 42 0.02132362869743598
11 43 0.021271380033066833
11 44 0.021245260732924764
11 45 0.021245260732924764
11 46 0.021271380033067055
11 47 0.02132362869743598
11 48 0.021402026895030013
11 49 0.021506604982008515
12 0 0.05006946375201504
12 1 0.04768288227908668
12 2 0.04600535064550848
12 3 0.044484882425987915
12 4 0.04306483871926703
12 5 0.04172209565079843
12 6 0.040444178704482914
12 7 0.03922330094510773
12 8 0.03805413580350736
12 9 0.03693280287477685
12 10 0.03585634241388025
12 11 0.034822416813423795
12 12 0.033829128864412805
12 13 0.03287490495422041
12 14 0.03195841665151211
12 15 0.031078526136759765
12 16 0.0302342470663437
12 17 0.02942471577749939
12 18 0.02864916963003028
12 19 0.02790693040130654
12 20 0.027197391340514354
12 21 0.0265200069256597
12 22 0.025874284652432467
12 23 0.02525977837498572
12 24 0.024676082849148795
12 25 0.024122829219567987
12 26 0.023599681256787353
12 27 0.02310633219679159
12 28 0.022642502069549875
12 29 0.0222079354283784
12 30 0.021802399410862483
12 31 0.021425682076459118
12 32 0.02107759097703532
12 33 0.020757951925093998
12 34 0.02046660793124
12 35 0.020203418287711328
12 36 0.019968257779119036
12 37 0.01976101600487923
12 38 0.019581596800723577
12 39 0.019429917748901904
12 40 0.01930590976863278
12 41 0.019209516779974067
12 42 0.01914069543568986
12 43 0.019099414916852853
12 44 0.019085656789028516
12 45 0.019099414916852853
12 46 0.01914069543569008
12 47 0.019209516779973623
12 48 0.019305909768632556
12 49 0.019429917748901904
13 0 0.049711410492328745
13 1 0.04692687872227519
13 2 0.04508224265343275
13 3 0.04343492857902831
13 4 0.04190977048677558
13 5 0.04047635533348193
13 6 0.03911841458846532
13 7 0.03782587515070013
13 8 0.03659190030115056
13 9 0.03541154679558467
13 10 0.034281071303430166
13 11 0.033197537660550225
13 12 0.032158578501983115
13 13 0.031162242527260187
13 14 0.030206892265179475
13 15 0.029291133134647374
13 16 0.028413762714545987
13 17 0.027573733523384547
13 18 0.02677012510188226
13 19 0.026002122668158156
13 20 0.025269000521907503
13 21 0.024570108948756553
13 22 0.023904863750309535
13 23 0.023272737775458907
13 24 0.022673253999067722
13 25 0.02210597981285367
13 26 0.021570522277395976
13 27 0.021066524144702226
13 28 0.020593660505025535
13 29 0.02015163594432068
13 30 0.019740182123365813
13 31 0.019359055708127237
13 32 0.019008036595296374
13 33 0.01868692638802405
13 34 0.018395547085462982
13 35 0.01813373995673062
13 36 0.01790136457524716
13 37 0.01769829799391709
13 38 0.017524434045167236
13 39 0.01737968275283963
13 40 0.017263969845412896
13 41 0.017177236362105663
13 42 0.017119438345204352
13 43 0.01709054661356013
13 44 0.01709054661356013
13 45 0.017119438345204352
13 46 0.017177236362105663
13 47 0.017263969845412896
13 48 0.01737968275283963
13 49 0.017524434045167236
14 0 0.04937082572322893
14 1 0.04620753523123755
14 2 0.044204427884310116
14 3 0.04243709235673665
14 4 0.040812677921556295
14 5 0.03929381199885684
14 6 0.03786060289908011
14 7 0.03650079399502615
14 8 0.03520610609007768
14 9 0.03397058069629477
14 10 0.032789726008449094
14 11 0.0316600341769111
14 12 0.030578688857093583
14 13 0.0295433781529284
14 14 0.028552169626920976
14 15 0.02760342372206015
14 16 0.026695731954149315
14 17 0.02582787164115119
14 18 0.02499877200502465
14 19 0.02420748829786079
14 20 0.023453181718454008
14 21 0.02273510359113584
14 22 0.022052582738022575
14 23 0.02140501528212857
14 24 0.02079185632774072
14 25 0.020212613109622746
14 26 0.01966683930544988
14 27 0.01915413027973467
14 28 0.0186741190815507
14 29 0.018226473058222226
14 30 0.017810890977095983
14 31 0.017427100570226672
14 32 0.01707485643414497
14 33 0.016753938230400833
14 34 0.016464149143103124
14 35 0.016205314557997008
14 36 0.01597728093430495
14 37 0.015779914845907017
14 38 0.015613102172823523
14 39 0.015476747427543569
14 40 0.015370773203815746
14 41 0.015295119738031548
14 42 0.015249744575550506
14 43 0.01523462233627626
14 44 0.015249744575550617
14 45 0.01529511973803177
14 46 0.015370773203815746
14 47 0.015476747427543569
14 48 0.015613102172823523
14 49 0.01577991484590735
15 0 0.04904875371863571
15 1 0.04552449957307081
15 2 0.04337089576492237
15 3 0.041489833790852026
15 4 0.03977156178482977
15 5 0.03817205420974645
15 6 0.036667955109284556
15 7 0.03524491977550137
15 8 0.0338932894598587
15 9 0.03260613468673368
15 10 0.03137824782377019
15 11 0.030205574323093787
15 12 0.029084868554162036
15 13 0.02801347392348119
15 14 0.026989176120866487
15 15 0.026010101582052636
15 16 0.025074645084095848
15 17 0.024181416773239817
15 18 0.023329202545023575
15 19 0.022516933837492648
15 20 0.02174366421137064
15 21 0.02100855092183973
15 22 0.020310840227068083
15 23 0.01964985553896037
15 24 0.01902498776703676
15 25 0.01843568737700607
15 26 0.017881457806225187
15 27 0.01736184996499246
15 28 0.016876457615911944
15 29 0.016424913470380997
15 30 0.016006885876260868
15 31 0.015622075997442697
15 32 0.015270215406315568
15 33 0.014951064025924499
15 34 0.0146644083709917
15 35 0.014410060046665674
15 36 0.014187854471709449
15 37 0.013997649799105893
15 38 0.013839326012184738
15 39 0.01371278417864874
15 40 0.013617945848394486
15 41 0.013554752584118979
15 42 0.013523165616266875
15 43 0.013523165616266875
15 44 0.013554752584118979
15 45 0.013617945848394486
15 46 0.01371278417864874
15 47 0.013839326012184738
15 48 0.013997649799105893
15 49 0.014187854471709227
16 0 0.0487460164871949
16 1 0.04487740879666591
16 2 0.04258072527791046
16 3 0.04059178339450431
16 4 0.03878466375471623
16 5 0.037108974858053645
16 6 0.03553804520650894
16 7 0.03405553134162553
16 8 0.032650453853073746
16 9 0.03131495369393078
16 10 0.030043137957545984
16 11 0.02883042878307085
16 12 0.027673169687113086
16 13 0.026568374262061933
16 14 0.02551355858610649
16 15 0.024506625362781254
16 16 0.02354578136936114
16 17 0.022629477109872953
16 18 0.021756361715981165
16 19 0.020925248591043832
16 20 0.020135088795559142
16 21 0.019384950122905864
16 22 0.01867400043249079
16 23 0.018001494219279435
16 24 0.01736676167933826
16 25 0.01676919972582791
16 26 0.016208264547693307
16 27 0.01568346540238963
16 28 0.015194359406069946
16 29 0.014740547138189175
16 30 0.01432166891735176
16 31 0.013937401635593427
16 32 0.013587456061465497
16 33 0.013271574540283937
16 34 0.012989529033954894
16 35 0.012741119453944849
16 36 0.012526172249848422
16 37 0.012344539223159479
16 38 0.012196096541797541
16 39 0.012080743935754867
16 40 0.011998404058364054
16 41 0.01194902200119341
16 42 0.011932564953660796
16 43 0.01194902200119341
16 44 0.011998404058364054
16 45 0.012080743935754867
16 46 0.012196096541797874
16 47 0.012344539223159257
16 48 0.012526172249847978
16 49 0.012741119453944849
17 0 0.048463264121115124
17 1 0.044265896326692644
17 2 0.04183307152853466
17 3 0.039741712157747244
17 4 0.03785042199689226
17 5 0.03610271374872642
17 6 0.03446874036130809
17 7 0.03293024369941855
17 8 0.031474979111681844
17 9 0.030094196954720376
17 10 0.0287813477994161
17 11 0.027531352479978843
17 12 0.026340161009877128
17 13 0.025204471178792875
17 14 0.024121540999570534
17 15 0.023089059123596822
17 16 0.022105052565769556
17 17 0.021167819290164314
17 18 0.020275877860113978
17 19 0.01942792910617397
17 20 0.018622826450365615
17 21 0.017859552590588468
17 22 0.01713720094169502
17 23 0.01645496069106278
17 24 0.01581210464078897
17 25 0.015207979226627866
17 26 0.014641996258158207
17 27 0.0141136260353526
17 28 0.013622391577528203
17 29 0.013167863760398357
17 30 0.012749657201622022
17 31 0.012367426769110179
17 32 0.012020864612330762
17 33 0.011709697636930527
17 34 0.011433685358743784
17 35 0.011192618085705597
17 36 0.010986315386170231
17 37 0.010814624810166151
17 38 0.010677420836783136
17 39 0.010574604026326817
17 40 0.010506100360596293
17 41 0.010471860758596852
17 42 0.010471860758596852
17 43 0.010506100360596293
17 44 0.010574604026326817
17 45 0.010677420836783136
17 46 0.010814624810166151
17 47 0.010986315386170231
17 48 0.011192618085705597
17 49 0.011433685358744228
18 0 0.04820101169295343
18 1 0.0436895966538462
18 2 0.041127155147693495
18 3 0.03893850860808179
18 4 0.03696743748040965
18 5 0.03515161424157531
18 6 0.033458148692815604
18 7 0.031866947534310186
18 8 0.030364553283189544
18 9 0.028941362555295447
18 10 0.02759019658772388
18 11 0.026305495722725114
18 12 0.025082832880556016
18 13 0.023918603303779484
18 14 0.022809817867036175
18 15 0.021753960334820466
18 16 0.020748885763725133
18 17 0.019792746311734777
18 18 0.018883935853646117
18 19 0.018021047836775828
18 20 0.01720284267049277
18 21 0.016428222118507585
18 22 0.015696208926905153
18 23 0.015005930429659031
18 24 0.014356605219746355
18 25 0.013747532214497316
18 26 0.013178081613718917
18 27 0.012647687371248217
18 28 0.012155840889564451
18 29 0.01170208571286524
18 30 0.011286013043291798
18 31 0.010907257942235682
18 32 0.010565496107303174
18 33 0.01026044113763469
18 34 0.009991842217655145
18 35 0.009759482163029354
18 36 0.009563175783678046
18 37 0.009402768527558614
18 38 0.009278135376344254
18 39 0.00918917997018287
18 40 0.009135833944013294
18 41 0.009118056462416924
18 42 0.009135833944012517
18 43 0.00918917997018287
18 44 0.009278135376344587
18 45 0.009402768527558725
18 46 0.009563175783677935
18 47 0.009759482163029354
18 48 0.0099918422176547
18 49 0.010260441137633691
19 0 0.047959666806336454
19 1 0.04314814843662729
19 2 0.04046225378648838
19 3 0.03818116093284707
19 4 0.036134447940627035
19 5 0.034254189867565565
19 6 0.03250457914399485
19 7 0.030863762826612184
19 8 0.02931712037574019
19 9 0.02785422966776674
19 10 0.026467308427123526
19 11 0.025150336271811735
19 12 0.023898524617329997
19 13 0.02270797875447539
19 14 0.021575472806589113
19 15 0.020498294367961356
19 16 0.01947413396408071
19 17 0.01850100436102342
19 18 0.01757718035167799
19 19 0.016701152955001297
19 20 0.01587159399111715
19 21 0.015087328275978251
19 22 0.014347311511691219
19 23 0.013650612502891013
19 24 0.012996398706843881
19 25 0.012383924386779044
19 26 0.011812520823111683
19 27 0.01128158817001268
19 28 0.010790588641763077
19 29 0.01033904078488479
19 30 0.009926514645648199
19 31 0.009552627683194093
19 32 0.009217041309620755
19 33 0.008919457962530353
19 34 0.008659618634439092
19 35 0.008437300798468383
19 36 0.008252316681736205
19 37 0.008104511847727425
19 38 0.00799376405689367
19 39 0.00791998238161451
19 40 0.00788310655741642
19 41 0.007883106557416197
19 42 0.007919982381615065
19 43 0.00799376405689367
19 44 0.008104511847727647
19 45 0.008252316681736649
19 46 0.008437300798467162
19 47 0.008659618634439092
19 48 0.008919457962529798
19 49 0.0092170413096202
20 0 0.047739550506671447
20 1 0.04264119653403198
20 2 0.039837695184969935
20 3 0.03746874280949619
20 4 0.035350307407469916
20 5 0.03340909818273363
20 6 0.03160651012901505
20 7 0.029919002664137606
20 8 0.028330839644566952
20 9 0.026830813574704626
20 10 0.02541056328271285
20 11 0.024063626509741476
20 12 0.022784868032106553
20 13 0.021570115203837892
20 14 0.020415915309626942
20 15 0.019319368097167944
20 16 0.018278006658518198
20 17 0.017289710503361255
20 18 0.016352640712055777
20 19 0.015465190627169112
20 20 0.014625947729074218
20 21 0.01383366372327699
20 22 0.013087230765145397
20 23 0.012385662345591575
20 24 0.011728077768189071
20 25 0.011113689430613749
20 26 0.010541792322879107
20 27 0.010011755298122926
20 28 0.009523013776188693
20 29 0.00907506361740995
20 30 0.00866745596186258
20 31 0.00829979287312299
20 32 0.007971723659125018
20 33 0.007682941768843987
20 34 0.0074331821838827805
20 35 0.007222219240314076
20 36 0.007049864829198671
20 37 0.006915966934764373
20 38 0.0068204084781492424
20 39 0.006763106441979527
20 40 0.006744011257543092
20 41 0.006763106441979527
20 42 0.006820408478148909
20 43 0.0069159669347638175
20 44 0.007049864829199892
20 45 0.007222219240314076
20 46 0.0074331821838825585
20 47 0.007682941768844431
20 48 0.007971723659124796
20 49 0.008299792873122769
21 0 0.04754091338059141
21 1 0.042168393307774665
21 2 0.03925285144698387
21 3 0.036800402005549016
21 4 0.034613969864569105
21 5 0.03261511997871214
21 6 0.03076256466200411
21 7 0.029031144580874635
21 8 0.02740405338273688
21 9 0.02586933011931425
21 10 0.024418058271485688
21 11 0.023043351735943962
21 12 0.02173974287587188
21 13 0.020502792610683773
21 14 0.01932883088069759
21 15 0.018214777564593887
21 16 0.017158015129449367
21 17 0.016156295720340608
21 18 0.01520767186794747
21 19 0.0143104438148417
21 20 0.013463118801754659
21 21 0.012664379134258885
21 22 0.011913056811175715
21 23 0.01120811313582426
21 24 0.010548622166536292
21 25 0.009933757165018209
21 26 0.009362779414598066
21 27 0.008835028933757094
21 28 0.008349916721950068
21 29 0.00790691825750578
21 30 0.0075055680290391225
21 31 0.007145454928831341
21 32 0.006826218372524617
21 33 0.006547545037385416
21 34 0.006309166133383615
21 35 0.006110855138636184
21 36 0.005952425944987461
21 37 0.005833731370847306
21 38 0.005754662008102596
21 39 0.0057151453779913375
21 40 0.0057151453779911154
21 41 0.005754662008102596
21 42 0.005833731370847417
21 43 0.0059524259449873496
21 44 0.0061108551386371834
21 45 0.006309166133383615
21 46 0.006547545037387303
21 47 0.006826218372524617
21 48 0.007145454928831341
21 49 0.007505568029038789
22 0 0.04736394810757427
22 1 0.04172939941919518
22 2 0.03870713425386696
22 3 0.03617535108350389
22 4 0.033924476028725836
22 5 0.03187114252792289
22 6 0.029971490359682496
22 7 0.028198807548994842
22 8 0.026535261095197438
22 9 0.024968167226569693
22 10 0.023488076675254987
22 11 0.02208769680074807
22 12 0.02076124121075129
22 13 0.01950401543712521
22 14 0.01831214119956992
22 15 0.017182366179759878
22 16 0.016111928773687945
22 17 0.015098459440075596
22 18 0.014139907142878938
22 19 0.013234483449281131
22 20 0.012380619332632126
22 21 0.011576931301932047
22 22 0.01082219450077515
22 23 0.010115321098538965
22 24 0.009455342759256413
22 25 0.008841396294653858
22 26 0.00827271183468925
22 27 0.007748603011807131
22 28 0.007268458773870723
22 29 0.006831736528487231
22 30 0.006437956387221555
22 31 0.006086696327959329
22 32 0.005777588132025224
22 33 0.005510313982316495
22 34 0.0052846036321382295
22 35 0.005100232073006583
22 36 0.004957017644797057
22 37 0.004854820543944038
22 38 0.004793541695850556
22 39 0.004773121966451188
22 40 0.004793541695850112
22 41 0.0048548205439442604
22 42 0.004957017644798056
22 43 0.005100232073006583
22 44 0.0052846036321382295
22 45 0.005510313982316495
22 46 0.005777588132025224
22 47 0.006086696327959773
22 48 0.006437956387221
22 49 0.006831736528488008
23 0 0.04720879935401334
23 1 0.04132388427319911
23 2 0.03819999081929226
23 3 0.03559285973048609
23 4 0.033280942523503665
23 5 0.031176145915907783
23 6 0.0292321431671676
23 7 0.02742073328494099
23 8 0.025723098540302747
23 9 0.02412586181320231
23 10 0.022619062835788517
23 11 0.021195019089903955
23 12 0.019847638578393
23 13 0.018571982087443373
23 14 0.017363971910868692
23 15 0.016220190934846168
23 16 0.015137739813855133
23 17 0.01411413281140006
23 18 0.01314722015118508
23 19 0.012235129018852153
23 20 0.011376217983877668
23 21 0.010569041272526558
23 22 0.009812320402029395
23 23 0.009104921404486155
23 24 0.008445836357863779
23 25 0.00783416828063288
23 26 0.007269118686282994
23 27 0.006749977266045315
23 28 0.0062761132936312025
23 29 0.005846968438546374
23 30 0.005462050744000968
23 31 0.005120929578214639
23 32 0.004823231408333517
23 33 0.004568636277706761
23 34 0.004356874892071039
23 35 0.00418772623998831
23 36 0.00406101568899675
23 37 0.003976613512202909
23 38 0.003934433811234372
23 39 0.003934433811234372
23 40 0.003976613512202909
23 41 0.004061015688998082
23 42 0.004187726239988865
23 43 0.004356874892071039
23 44 0.004568636277706872
23 45 0.004823231408333739
23 46 0.005120929578214639
23 47 0.005462050744000968
23 48 0.005846968438546152
23 49 0.0062761132936312025
24 0 0.047075571648171444
24 1 0.04095152621384157
24 2 0.03773090043651017
24 3 0.03505224835938481
24 4 0.03268255291582256
24 5 0.03052919176936919
24 6 0.028543473968583033
24 7 0.026695770894657245
24 8 0.024966320536109476
24 9 0.02334108086344666
24 10 0.021809601595195738
24 11 0.020363826414680486
24 12 0.018997370416959036
24 13 0.017705059922815236
24 14 0.016482626302154357
24 15 0.015326494807519797
24 16 0.014233634483750146
24 17 0.01320144872654705
24 18 0.012227693710180731
24 19 0.011310416420680314
24 20 0.01044790679567631
24 21 0.009638660219030815
24 22 0.008881347753099678
24 23 0.008174792246771867
24 24 0.007517948971381472
24 25 0.006909889793203727
24 26 0.006349790143281853
24 27 0.00583691822621224
24 28 0.005370626041530935
24 29 0.004950341888819265
24 30 0.004575564100843255
24 31 0.004245855804478449
24 32 0.003960840551818445
24 33 0.003720198697158228
24 34 0.0035236644216884994
24 35 0.0033710233287937985
24 36 0.0032621105499621716
24 37 0.003196809315541671
24 38 0.0031750499566977064
24 39 0.003196809315541671
24 40 0.0032621105499621716
24 41 0.0033710233287933544
24 42 0.0035236644216884994
24 43 0.003720198697158228
24 44 0.003960840551818556
24 45 0.004245855804478449
24 46 0.004575564100844032
24 47 0.004950341888818821
24 48 0.005370626041530935
24 49 0.00583691822621224
25 0 0.04696433570116976
25 1 0.04061201254420599
25 2 0.03729937150449647
25 3 0.03455288271768431
25 4 0.03212855022073291
25 5 0.029929413867341825
25 6 0.02790451746166256
25 7 0.026022864136758805
25 8 0.024263786716172797
25 9 0.022612605766794136
25 10 0.021058401294085538
25 11 0.01959275874063926
25 12 0.01820901258424068
25 13 0.016901764637317296
25 14 0.015666563587197868
25 15 0.014499684002340585
25 16 0.013397969275886545
25 17 0.012358717120358853
25 18 0.011379594234582568
25 19 0.0104585714920844
25 20 0.009593873895012872
25 21 0.00878394136648486
25 22 0.008027397642207834
25 23 0.007323025312932607
25 24 0.006669745607292277
25 25 0.0060666018779935715
25 26 0.0055127460180665055
25 27 0.005007427223381322
25 28 0.004549982655771778
25 29 0.004139829663337147
25 30 0.003776459291031875
25 31 0.003459430872896463
25 32 0.0031883675420799618
25 33 0.0029629525296438475
25 34 0.0027829261508753866
25 35 0.0026480834000133235
25 36 0.0025582720924848257
25 37 0.002513391509000207
25 38 0.002513391509000651
25 39 0.0025582720924848257
25 40 0.0026480834000133235
25 41 0.0027829261508752756
25 42 0.0029629525296435144
25 43 0.003188367542080406
25 44 0.003459430872896463
25 45 0.003776459291031653
25 46 0.004139829663337147
25 47 0.004549982655771556
25 48 0.005007427223380878
25 49 0.00551274601806695
26 0 0.0468751335177392
26 1 0.040305039421673516
26 2 0.036904938945083954
26 3 0.03409416930382925
26 4 0.03161823057669155
26 5 0.029376010249770435
26 6 0.027314382830026407
26 7 0.025401040762379257
26 8 0.023614449623454825
26 9 0.02193931924024084
26 10 0.02036427958749043
26 11 0.018880572955748187
26 12 0.01748126513115944
26 13 0.016160743085778195
26 14 0.01491438083367469
26 15 0.013738309020995154
26 16 0.012629251194570479
26 17 0.011584404444633156
26 18 0.010601350468873116
26 19 0.009677988036394414
26 20 0.008812480849275328
26 21 0.008003216706812366
26 22 0.0072487751164429515
26 23 0.006547901319957972
26 24 0.0058994852647457074
26 25 0.005302544439193868
26 26 0.004756209766505037
26 27 0.004259713948837951
26 28 0.003812381797798192
26 29 0.003413622194001209
26 30 0.003062921398363061
26 31 0.0027598374986520513
26 32 0.0025039958216418468
26 33 0.0022950851778700265
26 34 0.0021328548350223464
26 35 0.0020171121394730873
26 36 0.0019477207248330686
26 37 0.001924599262673632
26 38 0.0019477207248330686
26 39 0.0020171121394726432
26 40 0.0021328548350215693
26 41 0.0022950851778700265
26 42 0.0025039958216410696
26 43 0.0027598374986520513
26 44 0.003062921398363838
26 45 0.003413622194001653
26 46 0.003812381797798081
26 47 0.004259713948838284
26 48 0.004756209766505037
26 49 0.00530254443919409
27 0 0.046807982554127214
27 1 0.04003031166469251
27 2 0.03654716194222085
27 3 0.03367555143752565
27 4 0.031150937863767103
27 5 0.02886823652954651
27 6 0.026772245858084798
27 7 0.024829403519989857
27 8 0.02301734467756067
27 9 0.021320194320316843
27 10 0.019726151516601398
27 11 0.018226130071082203
27 12 0.016812938676286526
27 13 0.015480758873456235
27 14 0.014224797806512868
27 15 0.0130410487955126
27 16 0.011926121213335028
27 17 0.01087711648251044
27 18 0.009891535690146336
27 19 0.008967209444710966
27 20 0.00810224373657431
27 21 0.007294977546743686
27 22 0.006543949235890301
27 23 0.005847869603005318
27 24 0.005205600086104489
27 25 0.0046161349823197195
27 26 0.004078586850600585
27 27 0.003592174465820386
27 28 0.00315621284296852
27 29 0.002770104961035802
27 30 0.00243333489952946
27 31 0.0021454621639004356
27 32 0.0019061170250682657
27 33 0.0017149967365863716
27 34 0.001571862523409906
27 35 0.0014765372611043048
27 36 0.001428903784809199
27 37 0.001428903784808755
27 38 0.0014765372611040828
27 39 0.001571862523410017
27 40 0.0017149967365863716
27 41 0.0019061170250682657
27 42 0.0021454621638999916
27 43 0.002433334899529016
27 44 0.002770104961035025
27 45 0.003156212842969186
27 46 0.0035921744658196086
27 47 0.004078586850600363
27 48 0.0046161349823197195
27 49 0.005205600086104489
28 0 0.046762879118072975
28 1 0.039787542496793726
28 2 0.03622562194871659
28 3 0.03329650586437949
28 4 0.030726059088806545
28 5 0.028405400181060747
28 6 0.026277342215010657
28 7 0.02430712250824385
28 8 0.02247158165780938
28 9 0.02075428502916421
28 10 0.019143019404426642
28 11 0.01762838438791392
28 12 0.016202942882548088
28 13 0.014860680177640306
28 14 0.013596644167365723
28 15 0.012406697296680647
28 16 0.011287340321838313
28 17 0.010235583862194586
28 18 0.009248852715987743
28 19 0.008324913224534214
28 20 0.007461817221162792
28 21 0.006657858155652674
28 22 0.005911536319349597
28 23 0.005221530984381384
28 24 0.0045866778747765125
28 25 0.004005950806798553
28 26 0.003478446632269594
28 27 0.0030033728316756214
28 28 0.00258003725931244
28 29 0.002207839657841215
28 30 0.0018862646461138555
28 31 0.0016148759499972076
28 32 0.0013933116968817272
28 33 0.0012212806345691662
28 34 0.0010985591672244555
28 35 0.0010249891272424705
28 36 0.0010004762237342257
28 37 0.0010249891272424705
28 38 0.0010985591672236783
28 39 0.0012212806345691662
28 40 0.0013933116968819492
28 41 0.0016148759499970966
28 42 0.0018862646461148547
28 43 0.002207839657841215
28 44 0.00258003725931244
28 45 0.0030033728316761765
28 46 0.003478446632269372
28 47 0.004005950806798775
28 48 0.0045866778747765125
28 49 0.005221530984381384
29 0 0.04673980116012022
29 1 0.0395764532462094
29 2 0.03593992091670728
29 3 0.03295653980097968
29 4 0.0303430203998436
29 5 0.02798685562824499
29 6 0.02582896169457438
29 7 0.02383342863015603
29 8 0.02197633742397942
29 9 0.02024071840695374
29 10 0.018613964239719172
29 11 0.01708637426903703
29 12 0.0156502766487705
29 13 0.014299469389843056
29 14 0.013028848595940112
29 15 0.011834152161513511
29 16 0.010711777685247115
29 17 0.0096586497730613
29 18 0.008672121201414917
29 19 0.007749897901114466
29 20 0.0068899810823990215
29 21 0.0060906219452242505
29 22 0.00535028579775032
29 23 0.004667623324003944
29 24 0.00404144736633727
29 25 0.0034707140219518706
29 26 0.002954507159186104
29 27 0.0024920256795740725
29 28 0.0020825730124434116
29 29 0.0017255484480529493
29 30 0.0014204400047589383
29 31 0.0011668185941543507
29 32 0.0009643333010349586
29 33 0.0008127076368338315
29 34 0.0007117366587173768
29 35 0.0006612848741620603
29 36 0.0006612848741620603
29 37 0.0007117366587173768
29 38 0.0008127076368342756
29 39 0.0009643333010349586
29 40 0.0011668185941537956
29 41 0.0014204400047589383
29 42 0.0017255484480527272
29 43 0.0020825730124439668
29 44 0.0024920256795740725
29 45 0.002954507159185882
29 46 0.0034707140219525368
29 47 0.004041447366337492
29 48 0.0046676233240041665
29 49 0.00535028579775032
30 0 0.04673871057161971
30 1 0.03939677301423694
30 2 0.03568967971636727
30 3 0.03265518834565595
30 4 0.030001283620900265
30 5 0.027611999992475766
30 6 0.02542644324302512
30 7 0.023407607954527565
30 8 0.021530849656172912
30 9 0.0197786876689775
30 10 0.01813813828566435
30 11 0.016599214230103687
30 12 0.015154019712162903
30 13 0.013796174255928273
30 14 0.012520429492730023
30 15 0.011322404982284873
30 16 0.01019840054234833
30 17 0.009145259494922175
30 18 0.008160266820841588
30 19 0.007241071873350435
30 20 0.0063856287657004795
30 21 0.005592149736581398
30 22 0.004859068218836082
30 23 0.004185009283355745
30 24 0.003568765774117244
30 25 0.0030092788973744566
30 26 0.002505622344158187
30 27 0.0020569892524253675
30 28 0.0016626814812011892
30 29 0.0013221007921074834
30 30 0.0010347416263103426
30 31 0.000800185235765416
30 32 0.0006180949826253279
30 33 0.00048821266424703413
30 34 0.00041035575648051825
30 35 0.00038441549712564527
30 36 0.0004103557564807403
30 37 0.000488212664246479
30 38 0.0006180949826249948
30 39 0.000800185235765416
30 40 0.0010347416263102316
30 41 0.0013221007921079275
30 42 0.0016626814812016333
30 43 0.0020569892524253675
30 44 0.00250562234415741
30 45 0.0030092788973744566
30 46 0.003568765774116245
30 47 0.004185009283355745
30 48 0.004859068218836304
30 49 0.005592149736581731
31 0 0.04675955507942309
31 1 0.03924823832165192
31 2 0.03547453671390599
31 3 0.03239201219503207
31 4 0.029700343220302683
31 5 0.027280269389196254
31 6 0.025069170641586647
31 7 0.023028996830568915
31 8 0.02113441144036121
31 9 0.019367446295767476
31 10 0.017714758704501787
31 11 0.016166088125842637
31 12 0.014713325421117363
31 13 0.013349920258834858
31 14 0.012070486993722152
31 15 0.010870532974360136
31 16 0.009746265546882626
31 17 0.008694451432767591
31 18 0.007712312015834666
31 19 0.006797443894026034
31 20 0.005947757614797045
31 21 0.005161429764331094
31 22 0.004436865043152882
31 23 0.003772665934242414
31 24 0.0031676082323369714
31 25 0.0026206211631381038
31 26 0.002130771146421351
31 27 0.0016972484909792973
31 28 0.0013193564802655988
31 29 0.0009965024345454099
31 30 0.000728190430950626
31 31 0.0005140154361247262
31 32 0.0003536586632783001
31 33 0.00024688401091377266
31 34 0.00019353547751188582
31 35 0.00019353547751199685
31 36 0.00024688401091377266
31 37 0.0003536586632783001
31 38 0.0005140154361249483
31 39 0.000728190430950626
31 40 0.000996502434545632
31 41 0.0013193564802654878
31 42 0.0016972484909790753
31 43 0.002130771146422239
31 44 0.0026206211631381038
31 45 0.0031676082323365273
31 46 0.003772665934242525
31 47 0.004436865043152993
31 48 0.005161429764331316
31 49 0.005947757614797489
32 0 0.0468022698079148
32 1 0.03913059273974684
32 2 0.03529414648488083
32 3 0.03216659561779367
32 4 0.02943972364251146
32 5 0.02699113568395095
32 6 0.024756568736580054
32 7 0.022696977632255644
32 8 0.020786366560800018
32 9 0.01900630290299221
32 10 0.017343102031129876
32 11 0.015786243251287857
32 12 0.01432741448617425
32 13 0.0129599040400592
32 14 0.011678196082193004
32 15 0.010477691797314614
32 16 0.00935451131656051
32 17 0.00830534941188521
32 18 0.007327368054459438
32 19 0.00641811491159916
32 20 0.005575460514368857
32 21 0.004797549138899515
32 22 0.004082759945601366
32 23 0.0034296759198528814
32 24 0.002837058838084494
32 25 0.0023038289554391245
32 26 0.0018290484454052125
32 27 0.0014119078621243064
32 28 0.0010517150719174806
32 29 0.0007478862311549594
32 30 0.0004999384862315326
32 31 0.00030748414717962635
32 32 0.0001702261457056098
32 33 8.795463597133235e-05
32 34 6.054463540261512e-05
32 35 8.795463597133235e-05
32 36 0.00017022614570594286
32 37 0.00030748414717962635
32 38 0.0004999384862315326
32 39 0.0007478862311549594
32 40 0.0010517150719173696
32 41 0.0014119078621248615
32 42 0.0018290484454049905
32 43 0.0023038289554384583
32 44 0.002837058838084494
32 45 0.0034296759198529925
32 46 0.004082759945600589
32 47 0.004797549138899848
32 48 0.005575460514368968
32 49 0.006418114911599382
33 0 0.046866778564407574
33 1 0.0390435865105081
33 2 0.03514817864295139
33 3 0.03197854464600147
33 4 0.029218976946603914
33 5 0.026744103635498173
33 6 0.024488100130623414
33 7 0.022410975032718272
33 8 0.020486105387290454
33 9 0.018694616767510275
33 10 0.01702249936118716
33 11 0.015458985213141041
33 12 0.013995569554470899
33 13 0.012625387695920809
33 14 0.011342800624718374
33 15 0.01014310934813456
33 16 0.00902235200052759
33 17 0.007977156036628408
33 18 0.00700462819838743
33 19 0.006102271062917386
33 20 0.005267918726134524
33 21 0.00449968654437416
33 22 0.0037959313942047546
33 23 0.0031552199347797405
33 24 0.002576303054246609
33 25 0.002058095165772822
33 26 0.0015996573614857068
33 27 0.0012001836790944687
33 28 0.0008589899165151182
33 29 0.0005755045640969403
33 30 0.000349261525597222
33 31 0.00017989437745069559
33 32 6.71319773695167e-05
33 33 1.0795283053255389e-05
33 34 1.0795283053255389e-05
33 35 6.713197736940568e-05
33 36 0.00017989437745069559
33 37 0.0003492615255977771
33 38 0.0005755045640976064
33 39 0.0008589899165151182
33 40 0.0012001836790944687
33 41 0.0015996573614857068
33 42 0.002058095165772489
33 43 0.002576303054245832
33 44 0.0031552199347796295
33 45 0.0037959313942051987
33 46 0.004499686544375159
33 47 0.005267918726134524
33 48 0.006102271062916831
33 49 0.007004628198387319
34 0 0.046952994892388356
34 1 0.03898697615894864
34 2 0.0350363167672989
34 3 0.03182748545127545
34 4 0.029037680704837587
34 5 0.02653870836693517
34 6 0.024263262264394014
34 7 0.022170452727557133
34 8 0.02023306126623159
34 9 0.01843179390918792
34 10 0.016752332144401194
34 11 0.015183673453760371
34 12 0.013717130482305384
34 13 0.012345693815767333
34 14 0.011063608191539953
34 15 0.009866080379913433
34 16 0.008749071712450207
34 17 0.007709146953937984
34 18 0.006743361813229765
34 19 0.005849177647161086
34 20 0.005024395743800092
34 21 0.004267105992700193
34 22 0.0035756463229239532
34 23 0.002948570337150014
34 24 0.0023846212833262825
34 25 0.0018827110008476922
34 26 0.0014419028289027747
34 27 0.001061397717209478
34 28 0.0007405229645087719
34 29 0.0004787231479893572
34 30 0.0002755529115415767
34 31 0.0001306713616148203
34 32 4.383788352713136e-05
34 33 1.490924325353582e-05
34 34 4.383788352657625e-05
34 35 0.00013067136161493131
34 36 0.0002755529115422428
34 37 0.0004787231479893572
34 38 0.0007405229645091049
34 39 0.001061397717209589
34 40 0.0014419028289022195
34 41 0.0018827110008478032
34 42 0.0023846212833262825
34 43 0.0029485703371496808
34 44 0.0035756463229242863
34 45 0.004267105992700193
34 46 0.005024395743800536
34 47 0.0058491776471603085
34 48 0.006743361813230209
34 49 0.007709146953937651
35 0 0.04706082292827629
35 1 0.038960524099447946
35 2 0.03495825741451131
35 3 0.031713062878634624
35 4 0.02889543612281542
35 5 0.026374513116192766
35 6 0.024081584831022074
35 7 0.021974910540448866
35 8 0.020026707340834227
35 9 0.0182172836463268
35 10 0.016532028493935313
35 11 0.014959717331797573
35 12 0.013491490203462408
35 13 0.012120201153789756
35 14 0.010839985547285602
35 15 0.009645961826707516
35 16 0.008534019704801277
35 17 0.007500665892621772
35 18 0.006542909288732246
35 19 0.005658173943539069
35 20 0.004844232025678186
35 21 0.004099151489749264
35 22 0.0034212547510625857
35 23 0.0028090857428838545
35 24 0.0022613834601387106
35 25 0.0017770605997494693
35 26 0.0013551862663652159
35 27 0.000994971970530778
35 28 0.0006957603360147058
35 29 0.00045701607452597326
35 30 0.0002783188937247605
35 31 0.00015935808823075437
35 32 9.992863009367081e-05
35 33 9.992863009389286e-05
35 34 0.00015935808823130948
35 35 0.0002783188937244274
35 36 0.0004570160745271945
35 37 0.0006957603360147058
35 38 0.000994971970530778
35 39 0.001355186266365771
35 40 0.0017770605997499134
35 41 0.0022613834601387106
35 42 0.0028090857428837435
35 43 0.0034212547510625857
35 44 0.004099151489749486
35 45 0.004844232025679296
35 46 0.005658173943538847
35 47 0.006542909288732468
35 48 0.007500665892622216
35 49 0.008534019704800944
36 0 0.04719015809033911
36 1 0.038963998237116826
36 2 0.03491370920280912
36 3 0.03163493911529314
36 4 0.028791866349270223
36 5 0.026251107225634396
36 6 0.02394262747521747
36 7 0.021823881856211313
36 8 0.019866553739023907
36 9 0.018050575557064352
36 10 0.01636105993832304
36 11 0.014786572680621224
36 12 0.013318091109365326
36 13 0.0119483408456873
36 14 0.010671354718722492
36 15 0.009482168737019903
36 16 0.008376606182882496
36 17 0.007351120373150888
36 18 0.0064026776602346125
36 19 0.0055286687611040275
36 20 0.004726840490660855
36 21 0.003995242496577456
36 22 0.0033321852305610022
36 23 0.0027362064818869936
36 24 0.0022060445421390185
36 25 0.0017406165866247214
36 26 0.0013390012238938542
36 27 0.0010004244289163466
36 28 0.0007242482694210794
36 29 0.0005099619802061417
36 30 0.0003571750510673599
36 31 0.0002656120808215423
36 32 0.000235109219739571
36 33 0.0002656120808215423
36 34 0.00035717505106713787
36 35 0.0005099619802069189
36 36 0.0007242482694210794
36 37 0.0010004244289163466
36 38 0.0013390012238938542
36 39 0.0017406165866247214
36 40 0.0022060445421390185
36 41 0.0027362064818876597
36 42 0.0033321852305613353
36 43 0.003995242496577678
36 44 0.004726840490660855
36 45 0.0055286687611040275
36 46 0.0064026776602343904
36 47 0.007351120373151332
36 48 0.008376606182883162
36 49 0.009482168737020125
37 0 0.047340887622792205
37 1 0.03899717156449689
37 2 0.03490239195809797
37 3 0.03159279247511804
37 4 0.02872661494864559
37 5 0.026168104337093046
37 6 0.023845977737271373
37 7 0.02171693133560315
37 8 0.019752145078014482
37 9 0.017931196790685666
37 10 0.01623893855523595
37 11 0.014663738779352897
37 12 0.013196421871704223
37 13 0.011829593096946867
37 14 0.010557189562738989
37 15 0.009374170735695797
37 16 0.008276298675286786
37 17 0.007259978001920686
37 18 0.0063221368427919256
37 19 0.005460136629864665
37 20 0.004671702684772017
37 21 0.003954870091549489
37 22 0.0033079410258535225
37 23 0.0027294508201471945
37 24 0.002218140801299673
37 25 0.0017729364633827238
37 26 0.0013929299116829386
37 27 0.0010773657835819739
37 28 0.0008256300503952652
37 29 0.0006372412532197336
37 30 0.0005118438402503811
37 31 0.0004492033631205983
37 32 0.00044920336312004316
37 33 0.0005118438402506031
37 34 0.0006372412532187344
37 35 0.0008256300503955982
37 36 0.001077365783582529
37 37 0.0013929299116829386
37 38 0.001772936463383945
37 39 0.002218140801299784
37 40 0.0027294508201468615
37 41 0.0033079410258546327
37 42 0.003954870091549045
37 43 0.0046717026847711285
37 44 0.005460136629864887
37 45 0.006322136842790038
37 46 0.007259978001919909
37 47 0.008276298675286342
37 48 0.009374170735695464
37 49 0.010557189562738989
38 0 0.047512891013685166
38 1 0.039059821753385626
38 2 0.034924035912696993
38 3 0.03158631628242703
38 4 0.0286993445138215
38 5 0.02612514076407546
38 6 0.02379124920846254
38 7 0.021653652873743434
38 8 0.019683058242958573
38 9 0.017858709682194718
38 10 0.01616521443655028
38 11 0.014590755682438283
38 12 0.013126014650122864
38 13 0.011763484282215741
38 14 0.010497012771141456
38 15 0.009321488948237366
38 16 0.008232618892412225
38 17 0.007226763279457482
38 18 0.006300816405598431
38 19 0.005452114559321375
38 20 0.004678365543334784
38 21 0.00397759375761475
38 22 0.0033480969501535895
38 23 0.0027884118719180284
38 24 0.0022972868425263915
38 25 0.0018736597689761325
38 26 0.0015166405399936744
38 27 0.0012254969936305038
38 28 0.0009996438586670209
38 29 0.0008386342233470678
38 30 0.0007421532029809885
38 31 0.0007100135719543266
38 32 0.0007421532029805444
38 33 0.0008386342233466237
38 34 0.0009996438586669099
38 35 0.0012254969936309479
38 36 0.0015166405399936744
38 37 0.0018736597689761325
38 38 0.0022972868425263915
38 39 0.0027884118719182505
38 40 0.0033480969501535895
38 41 0.003977593757614528
38 42 0.0046783655433340066
38 43 0.005452114559321375
38 44 0.00630081640559832
38 45 0.007226763279457926
38 46 0.008232618892412447
38 47 0.009321488948237144
38 48 0.010497012771141456
38 49 0.011763484282215964
39 0 0.047706040301525254
39 1 0.03915173074115852
39 2 0.03497838094867134
39 3 0.03161521784100474
39 4 0.028709735399708114
39 5 0.026121874017205893
39 6 0.023778079869749336
39 7 0.021633667769989873
39 8 0.01965890040397511
39 9 0.017832709631018684
39 10 0.016139473442527752
39 11 0.014567201862592416
39 12 0.013106442637150884
39 13 0.011749584405519098
39 14 0.010490393259767417
39 15 0.009323693333032512
39 16 0.00824514001676857
39 17 0.007251054864823692
39 18 0.006338302827845865
39 19 0.005504199304675272
39 20 0.004746438688447263
39 21 0.004063038734376523
39 22 0.003452296798342691
39 23 0.0029127551431050724
39 24 0.002443173291488243
39 25 0.002042505950734297
39 26 0.0017098854192829638
39 27 0.0014446076677351316
39 28 0.0012461214932965037
39 29 0.001114020304143759
39 30 0.0010480362123588272
39 31 0.0010480362123588272
39 32 0.001114020304143759
39 33 0.0012461214932965037
39 34 0.0014446076677363529
39 35 0.0017098854192829638
39 36 0.002042505950734297
39 37 0.002443173291488465
39 38 0.0029127551431052945
39 39 0.003452296798341803
39 40 0.00406303873437619
39 41 0.004746438688447485
39 42 0.005504199304674273
39 43 0.006338302827846087
39 44 0.007251054864823248
39 45 0.00824514001676857
39 46 0.009323693333031735
39 47 0.010490393259767972
39 48 0.011749584405519098
39 49 0.013106442637150884
40 0 0.04792020028265853
40 1 0.03927268431057973
40 2 0.03506517587855029
40 3 0.03167921747618996
40 4 0.028757484561178326
40 5 0.026157981462475388
40 6 0.023806130589741237
40 7 0.021656623082184634
40 8 0.019679307241372013
40 9 0.017852823210970703
40 10 0.016161335209622818
40 11 0.014592692129389073
40 12 0.013137317900487222
40 13 0.011787504879481991
40 14 0.01053694389842863
40 15 0.009380400376505005
40 16 0.008313484378889457
40 17 0.007332483249109956
40 18 0.006434237188179814
40 19 0.005616045092657451
40 20 0.004875592213906987
40 21 0.004210893887722111
40 22 0.0036202513303774664
40 23 0.0031022166617432623
40 24 0.0026555651105260036
40 25 0.0022792729101912546
40 26 0.0019724997879206896
40 27 0.0017345752349495758
40 28 0.0015649879589628712
40 29 0.001463378080993949
40 30 0.001429531766144132
40 31 0.001463378080994393
40 32 0.0015649879589627602
40 33 0.0017345752349495758
40 34 0.0019724997879202455
40 35 0.0022792729101912546
40 36 0.0026555651105260036
40 37 0.0031022166617432623
40 38 0.0036202513303772443
40 39 0.004210893887722222
40 40 0.004875592213906987
40 41 0.005616045092658339
40 42 0.006434237188179814
40 43 0.0073324832491104
40 44 0.008313484378889457
40 45 0.009380400376505227
40 46 0.010536943898428741
40 47 0.011787504879481658
40 48 0.013137317900487666
40 49 0.014592692129389073
41 0 0.04815522862895283
41 1 0.0394224716617797
41 2 0.03518417775695171
41 3 0.03177804763930159
41 4 0.02884230448103231
41 5 0.026233159094799285
41 6 0.02387508376156111
41 7 0.021722190142082654
41 8 0.019743941353541516
41 9 0.01791870648365468
41 10 0.016230451382126088
41 11 0.01466687579177306
41 12 0.013218289489311585
41 13 0.011876896588801644
41 14 0.010636319545623496
41 15 0.009491271114193789
41 16 0.008437321481108317
41 17 0.007470728799821025
41 18 0.006588313249554001
41 19 0.005787361769011512
41 20 0.005065554920377857
41 21 0.004420910061146532
41 22 0.0038517367713846173
41 23 0.003356601664509684
41 24 0.0029343005153362745
41 25 0.0025838362011549876
41 26 0.002304401351951091
41 27 0.002095364897587104
41 28 0.0019562619172048823
41 29 0.0018867863630042114
41 30 0.0018867863630035453
41 31 0.0019562619172053264
41 32 0.0020953648975876593
41 33 0.002304401351951091
41 34 0.0025838362011553206
41 35 0.0029343005153369406
41 36 0.003356601664509684
41 37 0.0038517367713846173
41 38 0.0044209100611467544
41 39 0.005065554920377857
41 40 0.005787361769012844
41 41 0.006588313249554223
41 42 0.007470728799820803
41 43 0.008437321481108762
41 44 0.009491271114193789
41 45 0.010636319545624273
41 46 0.011876896588801644
41 47 0.013218289489311918
41 48 0.014666875791773504
41 49 0.016230451382126088
42 0 0.048410975923314004
42 1 0.03960088497481418
42 2 0.03533515121713415
42 3 0.03191145206498114
42 4 0.02896392217553334
42 5 0.026347120411717162
42 6 0.02398464206098727
42 7 0.021830063212230133
42 8 0.01985249082572893
42 9 0.018030043491742864
42 10 0.01634650404239113
42 11 0.014789435037873444
42 12 0.013349041776699044
42 13 0.012017448208994086
42 14 0.010788215358317865
42 15 0.009656009447430725
42 16 0.00861636633859586
42 17 0.007665520145609062
42 18 0.006800275909326525
42 19 0.0060179133384343775
42 20 0.005316112973017928
42 21 0.0046928988830283735
42 22 0.004146593805569476
42 23 0.003675783820267231
42 24 0.0032792904785325927
42 25 0.0029561488726679297
42 26 0.0027055905379202994
42 27 0.00252703037808244
42 28 0.002420057028419298
42 29 0.002384426242480364
42 30 0.0024200570284182987
42 31 0.002527030378082662
42 32 0.0027055905379206324
42 33 0.0029561488726682628
42 34 0.0032792904785325927
42 35 0.003675783820268008
42 36 0.004146593805568699
42 37 0.004692898883028707
42 38 0.005316112973017817
42 39 0.006017913338435488
42 40 0.006800275909326081
42 41 0.007665520145608284
42 42 0.008616366338596415
42 43 0.00965600944743017
42 44 0.01078821535831831
42 45 0.012017448208994086
42 46 0.013349041776699155
42 47 0.014789435037872556
42 48 0.016346504042391463
42 49 0.018030043491742975
43 0 0.0486872856187931
43 1 0.03980771896093116
43 2 0.035517867826975635
43 3 0.03207918497298645
43 4 0.029122078266524687
43 5 0.02649959537400237
43 6 0.024134527310675002
43 7 0.021979958267244415
43 8 0.020004667941032395
43 9 0.01818654491202798
43 10 0.016509204318329807
43 11 0.01496008350967104
43 12 0.013529293014842403
43 13 0.012208884756463423
43 14 0.010992365352334055
43 15 0.009874360731065623
43 16 0.008850378113255286
43 17 0.007916632877495444
43 18 0.007069919991688045
43 19 0.006307516875476593
43 20 0.005627108962187877
43 21 0.00502673201342152
43 22 0.004504727051308333
43 23 0.004059704983021439
43 24 0.003690518818931343
43 25 0.0033962419640928276
43 26 0.0031761514767727483
43 27 0.0030297154915290836
43 28 0.0029565842339593917
43 29 0.002956584233959836
43 30 0.0030297154915280844
43 31 0.0031761514767727483
43 32 0.0033962419640929387
43 33 0.003690518818930788
43 34 0.004059704983021439
43 35 0.0045047270513075555
43 36 0.005026732013421631
43 37 0.005627108962187766
43 38 0.006307516875476482
43 39 0.00706991999168749
43 40 0.00791663287749611
43 41 0.008850378113255286
43 42 0.009874360731064624
43 43 0.010992365352334277
43 44 0.012208884756464089
43 45 0.013529293014841848
43 46 0.014960083509672262
43 47 0.01650920431833014
43 48 0.018186544912028202
43 49 0.020004667941032395
44 0 0.048983993925566294
44 1 0.0400427704004267
44 2 0.035732105459149066
44 3 0.032281010306755675
44 4 0.029316526110342522
44 5 0.026690329441557914
44 6 0.024324479437135116
44 7 0.022171611884763687
44 8 0.02020020801760336
44 9 0.018387946851102788
44 10 0.01671829115006096
44 11 0.01517856505368298
44 12 0.013758794083700399
44 13 0.012450966350195936
44 14 0.01124854119361618
44 15 0.010146110612683445
44 16 0.009139159021529508
44 17 0.008223888548596903
44 18 0.007397089365997589
44 19 0.006656041792144407
44 20 0.005998441355879125
44 21 0.005422340822754057
44 22 0.004926105014814275
44 23 0.004508375478059934
44 24 0.004168042888579748
44 25 0.0039042256748459403
44 26 0.0037162537548162122
44 27 0.0036036565972886736
44 28 0.003566155054029241
44 29 0.0036036565972884516
44 30 0.0037162537548172114
44 31 0.0039042256748459403
44 32 0.004168042888579415
44 33 0.004508375478060489
44 34 0.004926105014814719
44 35 0.005422340822753502
44 36 0.005998441355879569
44 37 0.006656041792143852
44 38 0.007397089365997589
44 39 0.008223888548596014
44 40 0.009139159021529508
44 41 0.010146110612684112
44 42 0.011248541193617179
44 43 0.01245096635019638
44 44 0.01375879408370051
44 45 0.015178565053683313
44 46 0.016718291150060516
44 47 0.018387946851102788
44 48 0.020200208017604138
44 49 0.022171611884763354
45 0 0.04930092962879806
45 1 0.04030583766466922
45 2 0.03597764767053713
45 3 0.03251670100170445
45 4 0.029547030974722666
45 5 0.02691908267426424
45 6 0.024554255508848488
45 7 0.022404780233211463
45 8 0.02043886835820985
45 9 0.01863400976898577
45 10 0.016973530200379505
45 11 0.015444652631858569
45 12 0.01403732741700281
45 13 0.012743487168974443
45 14 0.011556551204596754
45 15 0.01047108410820674
45 16 0.009482553502026203
45 17 0.008587153959841332
45 18 0.007781676380578917
45 19 0.007063409454616698
45 20 0.006430064339982167
45 21 0.005879716503468746
45 22 0.005410760529696468
45 23 0.005021874936722792
45 24 0.004711994883306647
45 25 0.0044802912478528745
45 26 0.004326154987867259
45 27 0.004249186007640793
45 28 0.0042491860076394605
45 29 0.004326154987867259
45 30 0.004480291247852652
45 31 0.004711994883306647
45 32 0.005021874936723347
45 33 0.005410760529696468
45 34 0.00587971650346919
45 35 0.0064300643399817226
45 36 0.007063409454616365
45 37 0.007781676380578362
45 38 0.008587153959841998
45 39 0.009482553502026203
45 40 0.010471084108206963
45 41 0.011556551204596865
45 42 0.012743487168974776
45 43 0.01403732741700281
45 44 0.015444652631858125
45 45 0.016973530200378728
45 46 0.018634009768986104
45 47 0.020438868358210405
45 48 0.022404780233211463
45 49 0.02455425550884871
46 0 0.049637913839120085
46 1 0.040596720219635785
46 2 0.036254283086010086
46 3 0.03278603827669113
46 4 0.02981336925568001
46 5 0.027185628888489743
46 6 0.02482362884509981
46 7 0.022679238145095648
46 8 0.020720427300114475
46 9 0.018924517518105644
46 10 0.017274712896073297
46 11 0.0157581473795243
46 12 0.0143647060925155
46 13 0.013086274591399771
46 14 0.011916239573538046
46 15 0.010849144902804086
46 16 0.00988044763342244
46 17 0.009006340724196482
46 18 0.00822362160735346
46 19 0.007529593148097091
46 20 0.006921988050273553
46 21 0.006398910624626053
46 22 0.005958791700302335
46 23 0.00560035370776979
46 24 0.0053225838177637375
46 25 0.00512471362433331
46 26 0.005006204297654415
46 27 0.004966736460329857
46 28 0.005006204297654415
46 29 0.005124713624333976
46 30 0.0053225838177640705
46 31 0.005600353707768568
46 32 0.005958791700302335
46 33 0.006398910624625942
46 34 0.006921988050274663
46 35 0.007529593148096758
46 36 0.008223621607353904
46 37 0.009006340724195816
46 38 0.009880447633421774
46 39 0.010849144902804086
46 40 0.011916239573537823
46 41 0.013086274591399771
46 42 0.014364706092514501
46 43 0.015758147379524523
46 44 0.01727471289607274
46 45 0.018924517518104755
46 46 0.020720427300114252
46 47 0.022679238145095648
46 48 0.024823628845100032
46 49 0.027185628888488966
47 0 0.049994759676533884
47 1 0.040915218107962836
47 2 0.03656180478178506
47 3 0.03308881094238014
47 4 0.030115327726910612
47 5 0.027489754860828608
47 6 0.025132388186301924
47 7 0.02299477826590479
47 8 0.021044683354813132
47 9 0.01925927648679482
47 10 0.017621655589109553
47 11 0.016118877799508047
47 12 0.014740773076036495
47 13 0.013479188508830897
47 14 0.012327485758061862
47 15 0.011280194869801363
47 16 0.010332768797394865
47 17 0.009481405106907426
47 18 0.008722913898367213
47 19 0.00805461839556576
47 20 0.00747427920779109
47 21 0.006980036148860891
47 22 0.006570363378152311
47 23 0.006244034887359029
47 24 0.0060000982232061295
47 25 0.005837854949193755
47 26 0.005756846796930115
47 27 0.005756846796929338
47 28 0.005837854949193755
47 29 0.006000098223205352
47 30 0.006244034887358252
47 31 0.0065703633781522
47 32 0.006980036148861224
47 33 0.007474279207790979
47 34 0.008054618395566537
47 35 0.008722913898366325
47 36 0.00948140510690687
47 37 0.010332768797395087
47 38 0.011280194869801363
47 39 0.01232748575806164
47 40 0.013479188508830897
47 41 0.01474077307603694
47 42 0.01611887779950827
47 43 0.017621655589108998
47 44 0.019259276486794263
47 45 0.021044683354812466
47 46 0.02299477826590479
47 47 0.025132388186301924
47 48 0.027489754860829385
47 49 0.0301153277269105
48 0 0.050371271887385105
48 1 0.0412611314061575
48 2 0.03690000966352169
48 3 0.03342481472054826
48 4 0.03045270281477297
48 5 0.02783125957130328
48 6 0.02548033691735463
48 7 0.02335121026970488
48 8 0.021411454428442167
48 9 0.019638114838035126
48 10 0.018014198828513073
48 11 0.016526699083607266
48 12 0.015165400610983815
48 13 0.013922120804113147
48 14 0.012790204077173017
48 15 0.011764173803902378
48 16 0.01083948558552883
48 17 0.010012348144196714
48 18 0.00927959076118634
48 19 0.008638563643185715
48 20 0.00808706217792432
48 21 0.0076232689415849375
48 22 0.007245709213674623
48 23 0.006953217025668645
48 24 0.006744909646590247
48 25 0.006620169032120704
48 26 0.006578629223042309
48 27 0.006620169032121148
48 28 0.006744909646590247
48 29 0.0069532170256690895
48 30 0.007245709213674623
48 31 0.0076232689415851596
48 32 0.008087062177924209
48 33 0.008638563643186048
48 34 0.009279590761186562
48 35 0.010012348144196936
48 36 0.010839485585529274
48 37 0.011764173803902045
48 38 0.012790204077173017
48 39 0.013922120804113147
48 40 0.015165400610984259
48 41 0.016526699083607266
48 42 0.01801419882851296
48 43 0.019638114838034904
48 44 0.021411454428442278
48 45 0.023351210269706435
48 46 0.02548033691735463
48 47 0.02783125957130328
48 48 0.030452702814773414
48 49 0.033424814720548035
49 0 0.05076724639324193
49 1 0.04163425965329903
49 2 0.037268697834208275
49 3 0.0337938515683871
49 4 0.03082529989215599
49 5 0.028209953478743
49 6 0.025867292336377634
49 7 0.02374836013342585
49 8 0.021820577114765705
49 9 0.02006088183546373
49 10 0.018452206735314114
49 11 0.016981492554421607
49 12 0.015638489747518247
49 13 0.014414994991475583
49 14 0.013304343489072723
49 15 0.012301059368576395
49 16 0.011400607953451436
49 17 0.01059921604800207
49 18 0.009893739066394791
49 19 0.009281561332852295
49 20 0.008760520482954504
49 21 0.00832884981417037
49 22 0.007985134340374178
49 23 0.007728277587277788
49 24 0.007557477053950601
49 25 0.007472206901196765
49 26 0.007472206901196765
49 27 0.007557477053950268
49 28 0.0077282775872775655
49 29 0.007985134340374178
49 30 0.008328849814171146
49 31 0.008760520482953837
49 32 0.00928156133285285
49 33 0.009893739066394791
49 34 0.010599216048001736
49 35 0.011400607953452102
49 36 0.012301059368576395
49 37 0.01330434348907339
49 38 0.014414994991475583
49 39 0.01563848974751847
49 40 0.016981492554421607
49 41 0.01845220673531467
49 42 0.020060881835463396
49 43 0.02182057711476615
49 44 0.023748360133426516
49 45 0.025867292336377634
49 46 0.028209953478743
49 47 0.0308252998921561
49 48 0.0337938515683871
49 49 0.0372686978342085
