0 0 0.49543541195203683
0 1 0.5185947735200859
0 2 0.525046971569506
0 3 0.5286916702760611
0 4 0.5308594883294644
0 5 0.5320683902979553
0 6 0.5325852256920942
0 7 0.5325691875218075
0 8 0.532124410603017
0 9 0.5313234949117779
0 10 0.5302194809443261
0 11 0.5288525352516515
0 12 0.527253951097691
0 13 0.5254486760837718
0 14 0.523456980493597
0 15 0.5212955988543457
0 16 0.518978534991236
0 17 0.5165176445444898
0 18 0.5139230658947763
0 19 0.5112035451456872
0 20 0.5083666853890886
0 21 0.505419140776452
0 22 0.5023667696439552
0 23 0.4992147567800949
0 24 0.49596771210716223
0 25 0.4926297511016745
0 26 0.4892045609102566
0 27 0.4856954551395534
0 28 0.4821054195896135
0 29 0.47843715067900083
0 30 0.47469308792203363
0 31 0.4708754415267247
0 32 0.4669862159598311
0 33 0.4630272301549088
0 34 0.4590001349069388
0 35 0.4549064278936001
0 36 0.450747466681695
0 37 0.4465244800123263
0 38 0.4422385776064656
0 39 0.43789075869067334
0 40 0.433481919408597
0 41 0.42901285925607563
0 42 0.42448428665459836
0 43 0.4198968237588211
0 44 0.4152510105778276
0 45 0.4105473084762739
0 46 0.40578610311003177
0 47 0.40096770684096583
0 48 0.39609236066677445
0 49 0.39116023569406083
1 0 0.4837681326101348
1 1 0.5066504387130797
1 2 0.5130056839102669
1 3 0.5165828861732779
1 4 0.5186984043379879
1 5 0.5198646914743896
1 6 0.5203457759311122
1 7 0.5202991777766129
1 8 0.5198279435579334
1 9 0.5190039184156421
1 10 0.5178795939334925
1 11 0.5164947226998648
1 12 0.5148802766191488
1 13 0.5130609478574621
1 14 0.511056799627075
1 15 0.5088843957636935
1 16 0.5065575973511791
1 17 0.5040881391534022
1 18 0.5014860560479739
1 19 0.498760004627843
1 20 0.4959175098776802
1 21 0.4929651572319809
1 22 0.48990874411284047
1 23 0.4867534009302611
1 24 0.48350368874009
1 25 0.480163678828932
1 26 0.47673701814116654
1 27 0.4732269834955471
1 28 0.4696365268370408
1 29 0.465968313253976
1 30 0.4622247531066255
1 31 0.4584080293245759
1 32 0.4545201207104282
1 33 0.45056282191852165
1 34 0.4465377606464602
1 35 0.44244641247476557
1 36 0.43829011370919646
1 37 0.4340700725160417
1 38 0.4297873785892181
1 39 0.4254430115465045
1 40 0.42103784821844775
1 41 0.41657266896583756
1 42 0.41204816313883585
1 43 0.40746493377184206
1 44 0.40282350159226177
1 45 0.39812430840788293
1 46 0.3933677199259567
1 47 0.38855402804716493
1 48 0.38368345266879084
1 49 0.3787561430236435
2 0 0.4758344756307077
2 1 0.4985179502766655
2 2 0.5047977309233906
2 3 0.5083195073347557
2 4 0.5103898725063886
2 5 0.5115175079287211
2 6 0.5119645124002984
2 7 0.5118872620537807
2 8 0.5113880592489589
2 9 0.510538232741666
2 10 0.5093898983047555
2 11 0.5079825247576567
2 12 0.5063468633319704
2 13 0.5045074303875419
2 14 0.502484146201323
2 15 0.5002934563604581
2 16 0.49794912263082225
2 17 0.49546279523388603
2 18 0.49284443621311796
2 19 0.49010263872611703
2 20 0.48724487195150745
2 21 0.48427767176988146
2 22 0.4812067912144057
2 23 0.4780373206016032
2 24 0.47477378448538937
2 25 0.47142022066560296
2 26 0.46798024513792413
2 27 0.46445710591131045
2 28 0.4608537279224887
2 29 0.45717275076496344
2 30 0.45341656056894036
2 31 0.4495873170818092
2 32 0.44568697678052155
2 33 0.441717312679646
2 34 0.43767993136876227
2 35 0.4335762877111831
2 36 0.4294076975556894
2 37 0.42517534874920093
2 38 0.42088031068712817
2 39 0.41652354259685376
2 40 0.4121059007162562
2 41 0.4076281445016022
2 42 0.4030909419764536
2 43 0.3984948743142432
2 44 0.39384043973129473
2 45 0.38912805675354234
2 46 0.38435806690857116
2 47 0.379530736884567
2 48 0.3746462601887925
2 49 0.3697047583302323
3 0 0.46852822271765143
3 1 0.49102518477108725
3 2 0.4972328364389506
3 3 0.5007010274969261
3 4 0.5027272968710234
3 5 0.5038168301518862
3 6 0.5042299378914741
3 7 0.5041219361295216
3 8 0.5035944375657476
3 9 0.5027182923457532
3 10 0.5015452678368291
3 11 0.5001145696826014
3 12 0.49845674434723014
3 13 0.49659614494138815
3 14 0.4945525588978801
3 15 0.4923423217829445
3 16 0.48997910283241053
3 17 0.4874744733794448
3 18 0.48483832737919635
3 19 0.48207919856100706
3 20 0.47920450369534967
3 21 0.4762207319979402
3 22 0.4731335945718989
3 23 0.46994814373141564
3 24 0.4666688693017909
3 25 0.4632997770918298
3 26 0.45984445339923974
3 27 0.4563061184554948
3 28 0.45268767102460666
3 29 0.4489917258616922
3 30 0.44522064535862127
3 31 0.4413765664192356
3 32 0.43746142338973526
3 33 0.43347696770335004
3 34 0.42942478476914325
3 35 0.425306308533799
3 36 0.4211228340653535
3 37 0.41687552844453923
3 38 0.4125654401984177
3 39 0.40819350747001676
3 40 0.4037605650841688
3 41 0.3992673506423942
3 42 0.39471450975693656
3 43 0.39010260051518275
3 44 0.3854320972497338
3 45 0.38070339367586287
3 46 0.3759168054463568
3 47 0.37107257216359163
3 48 0.3661708588795442
3 49 0.3661708588795442
4 0 0.46155201473575086
4 1 0.4838685017055347
4 2 0.4900056201674741
4 3 0.49342107980277644
4 4 0.4954037175086247
4 5 0.4964553593905596
4 6 0.4968345976925082
4 7 0.4966957298600452
4 8 0.49613970591454504
4 9 0.4952369160725792
4 10 0.4940387928361094
4 11 0.49258428883318156
4 12 0.4909037535926577
4 13 0.48902138314346544
4 14 0.48695683701393633
4 15 0.48472634475961607
4 16 0.4823434863768508
4 17 0.4798197570327536
4 18 0.477164984859607
4 19 0.47438764605087275
4 20 0.47149510655199106
4 21 0.4684938102370172
4 22 0.4653894273808668
4 23 0.4621869732062901
4 24 0.4588909035540944
4 25 0.4555051928386771
4 26 0.4520333981243862
4 27 0.4484787122101545
4 28 0.4448440079224429
4 29 0.4411318753111356
4 30 0.43734465306699793
4 31 0.4334844551962003
4 32 0.42955319377201756
4 33 0.4255525984182689
4 34 0.4214842330506862
4 35 0.4173495103019275
4 36 0.4131497039766071
4 37 0.4088859598197033
4 38 0.4045593048310424
4 39 0.40017065531774365
4 40 0.395720823843158
4 41 0.3912105252035429
4 42 0.3866403815410398
4 43 0.3820109266826185
4 44 0.37732260977868715
4 45 0.3725757983014248
4 46 0.3677707804510547
4 47 0.36290776700796273
4 48 0.35798689265924194
4 49 0.36290776700796273
5 0 0.454790099894298
5 1 0.47692970654288486
5 2 0.4829972079995109
5 3 0.48636040287906446
5 4 0.48829963843012275
5 5 0.48931346362045663
5 6 0.48965879461756207
5 7 0.4894889353307558
5 8 0.48890418938856073
5 9 0.4879744983442678
5 10 0.4867509679885027
5 11 0.4852723040396983
5 12 0.48356866378493707
5 13 0.4816640898533286
5 14 0.4795781168031276
5 15 0.47732687054627104
5 16 0.474923843766107
5 17 0.4723804570408882
5 18 0.46970647397516707
5 19 0.46691031428994284
5 20 0.4639992939756339
5 21 0.46097981227068535
5 22 0.457857499186843
5 23 0.4546373332973609
5 24 0.45132373679150306
5 25 0.44792065292433886
5 26 0.44443160967275513
5 27 0.44085977246665586
5 28 0.43720798818124396
5 29 0.4334788220741091
5 30 0.42967458897718375
5 31 0.4257973797722827
5 32 0.42184908396491944
5 33 0.4178314090065109
5 34 0.4137458968875275
5 35 0.4095939384242116
5 36 0.4053767855826531
5 37 0.40109556212127234
5 38 0.39675127278240496
5 39 0.39234481122299947
5 40 0.387876966841245
5 41 0.38334843062871
5 42 0.37875980015488375
5 43 0.374111583772184
5 44 0.3694042041133421
5 45 0.3646380009394203
5 46 0.35981323338473326
5 47 0.35493008163435624
5 48 0.3549300816343564
5 49 0.35981323338473326
6 0 0.4481828441746907
6 1 0.4701479054361294
6 2 0.4761463538679255
6 3 0.4794575488197225
6 4 0.48135348837995984
6 5 0.48232949889485927
6 6 0.4826408484245862
6 7 0.48243986393620736
6 8 0.4818262134434864
6 9 0.4808693972830856
6 10 0.479620199913295
6 11 0.4781170841591255
6 12 0.4763900181405453
6 13 0.47446289348574666
6 14 0.4723551216810598
6 15 0.4700827265116868
6 16 0.4676591145674756
6 17 0.46509563282035155
6 18 0.4624019811370803
6 19 0.4595865233967277
6 20 0.4566565261308871
6 21 0.45361834432351594
6 22 0.4504775680040149
6 23 0.44723913928816034
6 24 0.44390744682575567
6 25 0.44048640275149115
6 26 0.4369795059257885
6 27 0.4333898943163898
6 28 0.42972038869265267
6 29 0.4259735293055464
6 30 0.422151606854962
6 31 0.41825668876638294
6 32 0.4142906415861787
6 33 0.4102551501413024
6 34 0.4061517339822679
6 35 0.4019817615289816
6 36 0.39774646226058374
6 37 0.39344693722804236
6 38 0.38908416811810437
6 39 0.3846590250567367
6 40 0.3801722733070427
6 41 0.37562457898946855
6 42 0.3710165139294927
6 43 0.36634855971897234
6 44 0.36162111106127215
6 45 0.35683447845633565
6 46 0.3519888902698018
6 47 0.34708449421941995
6 48 0.3519888902698018
6 49 0.35683447845633565
7 0 0.4416946720238936
7 1 0.46348676874352085
7 2 0.4694165160998348
7 3 0.472675853663008
7 4 0.47452852791360906
7 5 0.4754666804714975
7 6 0.4757439507405812
7 7 0.4755117002841719
7 8 0.4748689689890495
7 9 0.4738848211394398
7 10 0.4726097235809904
7 11 0.4710818990110516
7 12 0.4693311284876139
7 13 0.4673811542675236
7 14 0.46525126604109135
7 15 0.4629573864721268
7 16 0.46051283685011724
7 17 0.45792889116353624
7 18 0.45521518602469263
7 19 0.4523800298373503
7 20 0.44943063994143806
7 21 0.4463733272471466
7 22 0.44321364190578094
7 23 0.43995648961095135
7 24 0.43660622544506345
7 25 0.4331667303354632
7 26 0.42964147388309154
7 27 0.42603356639642875
7 28 0.42234580228892404
7 29 0.41858069650224466
7 30 0.4147405152485951
7 31 0.41082730208751883
7 32 0.40684290014109276
7 33 0.40278897108890044
7 34 0.3986670114580229
7 35 0.3944783666245469
7 36 0.3902242428650682
7 37 0.3859057177345697
7 38 0.38152374899717784
7 39 0.3770791822959058
7 40 0.37257275771447634
7 41 0.368005115357197
7 42 0.3633768000501504
7 43 0.35868826524794767
7 44 0.35393987621407524
7 45 0.34913191252875647
7 46 0.34426456996596433
7 47 0.34426456996596444
7 48 0.34913191252875647
7 49 0.35393987621407524
8 0 0.435302311982513
8 1 0.45692252880071604
8 2 0.4627837865882899
8 3 0.46599132769753415
8 4 0.46780071637407916
8 5 0.46870093649868894
8 6 0.4689440126797001
8 7 0.4686803492966924
8 8 0.46800836343680274
8 9 0.4669966869966132
8 10 0.465695471838049
8 11 0.46414270247380546
8 12 0.46236797436630533
8 13 0.46039488152297675
8 14 0.4582425927025529
8 15 0.45592693011369645
8 16 0.4534611302551435
8 17 0.45085639451466614
8 18 0.44812229652774727
8 19 0.44526708941143434
8 20 0.44229794142551776
8 21 0.4392211194498699
8 22 0.4360421337397662
8 23 0.4327658534922788
8 24 0.4293966000951642
8 25 0.4259382230907017
8 26 0.42239416259366286
8 27 0.4187675009783113
8 28 0.4150610059789468
8 29 0.4112771668557611
8 30 0.4074182249109349
8 31 0.40348619936375824
8 32 0.39948290938334136
8 33 0.3954099929159046
8 34 0.3912689228182413
8 35 0.387061020710707
8 36 0.3827874688855098
8 37 0.3784493205442702
8 38 0.374047508589131
8 39 0.3695828531514405
8 40 0.3650560680091177
8 41 0.3604677660166158
8 42 0.3558184636487548
8 43 0.3511085847404835
8 44 0.3463384634883066
8 45 0.3415083467648129
8 46 0.33661839578511427
8 47 0.3415083467648129
8 48 0.3463384634883066
8 49 0.3511085847404835
9 0 0.4289895398187192
9 1 0.450438612387183
9 2 0.45623149258710355
9 3 0.4593872398543514
9 4 0.46115328581358833
9 5 0.4620154759457999
9 6 0.46222423000457563
9 7 0.4619290010784456
9 8 0.4612275872664472
9 9 0.4601881906896737
9 10 0.4588606500888041
9 11 0.4572827131560128
9 12 0.45548379077445394
9 13 0.4534873294655678
9 14 0.45131237762959836
9 15 0.4489746574453895
9 16 0.44648732092824117
9 17 0.44386149707578965
9 18 0.4411066966759098
9 19 0.43823111761810696
9 20 0.4352418790794582
9 21 0.43214520385127064
9 22 0.4289465621832649
9 23 0.425650786618233
9 24 0.42226216464532007
9 25 0.41878451417269735
9 26 0.4152212455352168
9 27 0.4115754128341786
9 28 0.40784975674012713
9 29 0.40404674039988303
9 30 0.4001685797244394
9 31 0.39621726905988985
9 32 0.39219460303460113
9 33 0.38810219521518563
9 34 0.38394149407918343
9 35 0.3797137967146313
9 36 0.3754202605794982
9 37 0.3710619135925008
9 38 0.3666396627772157
9 39 0.3621543016413745
9 40 0.3576065164402555
9 41 0.3529968914459643
9 42 0.34832591332159857
9 43 0.3435939746800236
9 44 0.33880137689040085
9 45 0.3339483321810921
9 46 0.3339483321810921
9 47 0.33880137689040085
9 48 0.3435939746800236
9 49 0.34832591332159857
10 0 0.4227445023425543
10 1 0.4440229082878776
10 2 0.4497474486612073
10 3 0.452851360786645
10 4 0.45457397872399186
10 5 0.4553980232594583
10 6 0.4555723163446734
10 7 0.4552453639546324
10 8 0.45451434789416073
10 9 0.4534470423442313
10 10 0.4520929742204773
10 11 0.45048965533036744
10 12 0.4486663126603143
10 13 0.44664624574264583
10 14 0.4444483829748452
10 15 0.4420883467507417
10 16 0.43957920475715717
10 17 0.4369320136816432
10 18 0.43415622148035404
10 19 0.4312599707746975
10 20 0.428250331567607
10 21 0.42513348242342786
10 22 0.4219148534036044
10 23 0.41859924017123995
10 24 0.41519089604959414
10 25 0.41169360700367563
10 26 0.40811075323709367
10 27 0.40444536018351174
10 28 0.4007001410101198
10 29 0.39687753226371564
10 30 0.39297972392779057
10 31 0.3890086848861277
10 32 0.3849661845807204
10 33 0.3808538114921495
10 34 0.37667298894654777
10 35 0.3724249886560875
10 36 0.36811094232316466
10 37 0.3637318515771235
10 38 0.3592885964630942
10 39 0.35478194266244467
10 40 0.35021254759149895
10 41 0.3455809654979312
10 42 0.34088765165138873
10 43 0.3361329657054311
10 44 0.33131717429105867
10 45 0.3264404528872536
10 46 0.3313171742910584
10 47 0.33613296570543116
10 48 0.3408876516513884
10 49 0.3455809654979312
11 0 0.4165582233604933
11 1 0.4376662418881255
11 2 0.44332242256684884
11 3 0.44637442379075154
11 4 0.4480535059603452
11 5 0.4488392745569375
11 6 0.44897895857092446
11 7 0.4486201197270654
11 8 0.44785932537295947
11 9 0.4467639229886508
11 10 0.44538312852570955
11 11 0.4437542185128452
11 12 0.441906236464539
11 13 0.4398623352143796
11 14 0.43764132334369327
11 15 0.43525872356493206
11 16 0.43272751927147846
11 17 0.4300586948173501
11 18 0.42726163525216043
11 19 0.42434442780802883
11 20 0.4213140931495927
11 21 0.418176765409346
11 22 0.4149378342160893
11 23 0.41160205806990197
11 24 0.4081736558056816
11 25 0.40465638108294144
11 26 0.4010535835705975
11 27 0.3973682595883675
11 28 0.3936030943086707
11 29 0.38976049713905786
11 30 0.38584263154526055
11 31 0.3818514403036811
11 32 0.37778866696575086
11 33 0.37365587415773627
11 34 0.36945445921634046
11 35 0.36518566756370097
11 36 0.36085060414901277
11 37 0.35645024322292274
11 38 0.3519854366617
11 39 0.3474569210182174
11 40 0.3428653234438906
11 41 0.33821116659842004
11 42 0.33349487264116745
11 43 0.32871676637832253
11 44 0.3238770776228762
11 45 0.3238770776228762
11 46 0.32871676637832264
11 47 0.33349487264116745
11 48 0.33821116659842004
11 49 0.3428653234438907
12 0 0.41042370963098934
12 1 0.4313614623873878
12 2 0.43694921724995855
12 3 0.4399492038321132
12 4 0.4415846239659884
12 5 0.44233197380708195
12 6 0.4424368924765599
12 7 0.44204599927291116
12 8 0.44125524824522555
12 9 0.4401315609393636
12 10 0.43872384285829175
12 11 0.4370691355953888
12 12 0.4351962994122685
12 13 0.4331283405686107
12 14 0.4308839478799472
12 15 0.42847854436652605
12 16 0.42592502906537894
12 17 0.42323431388824245
12 18 0.4204157208278514
12 19 0.4174772815379079
12 20 0.41442596711851937
12 21 0.41126786700783774
12 22 0.40800833010340887
12 23 0.40465207740710246
12 24 0.40120329289271767
12 25 0.39766569750254704
12 26 0.3940426099181543
12 27 0.39033699684939355
12 28 0.3865515149318851
12 29 0.3826885458424912
12 30 0.3787502258845114
12 31 0.37473847102469926
12 32 0.37065499815906455
12 33 0.3665013432264619
12 34 0.3622788766664089
12 35 0.35798881662133675
12 36 0.35363224020743145
12 37 0.34921009311736895
12 38 0.34472319776926524
12 39 0.34017226017617297
12 40 0.3355578756775879
12 41 0.3308805336469681
12 42 0.3261406212660854
12 43 0.32133842643704824
12 44 0.31647413988534684
12 45 0.32133842643704824
12 46 0.3261406212660849
12 47 0.3308805336469681
12 48 0.3355578756775879
12 49 0.34017226017617297
13 0 0.4043353860052695
13 1 0.42510286611181025
13 2 0.43062209086244346
13 3 0.4335699356799435
13 4 0.4351615517643125
13 5 0.4358703291562398
13 6 0.4359403187802287
13 7 0.4355171984883498
13 8 0.43469630963854167
13 9 0.43354414822457127
13 10 0.43210930953435794
13 11 0.4304286003545683
13 12 0.42853069774402064
13 13 0.42643846137669644
13 14 0.4241704602395563
13 15 0.4217420175540963
13 16 0.41916594785547057
13 17 0.4164530904317123
13 18 0.41361270400325945
13 19 0.410652764396955
13 20 0.407580192867195
13 21 0.40440103384352705
13 22 0.40112059514410087
13 23 0.3977435598892672
13 24 0.3942740767715716
13 25 0.39071583355695183
13 26 0.38707211743902553
13 27 0.38334586497274825
13 28 0.3795397036640767
13 29 0.3756559868146103
13 30 0.3716968228644899
13 31 0.3676641002089473
13 32 0.3635595082598666
13 33 0.35938455536675706
13 34 0.3551405840895409
13 35 0.3508287842198762
13 36 0.34645020387193853
13 37 0.3420057589030227
13 38 0.3374962408753318
13 39 0.33292232373045083
13 40 0.3282845693149855
13 41 0.32358343186822425
13 42 0.3188192615592856
13 43 0.3139923071408243
13 44 0.3139923071408243
13 45 0.3188192615592856
13 46 0.32358343186822425
13 47 0.3282845693149855
13 48 0.33292232373045083
13 49 0.3374962408753318
14 0 0.39828872259503556
14 1 0.41888581588118456
14 2 0.4243363739519733
14 3 0.42723192985200775
14 4 0.42877958614527645
14 5 0.4294496276707838
14 6 0.4294845176503465
14 7 0.4290289927681656
14 8 0.4281777818397608
14 9 0.42699695536837623
14 10 0.42553479842494013
14 11 0.4238278829379634
14 12 0.4219047026712513
14 13 0.4197879705856118
14 14 0.41749613568021654
14 15 0.4150444211889922
14 16 0.4124455569279775
14 17 0.4097103093163134
14 18 0.40684787352890517
14 19 0.4038661692639101
14 20 0.40077206759862355
14 21 0.3975715675917372
14 22 0.3942699355872064
14 23 0.390871816394535
14 24 0.3873813229587891
14 25 0.38380210936372866
14 26 0.3801374307664943
14 27 0.3763901929723827
14 28 0.37256299371273505
14 29 0.3686581572142447
14 30 0.3646777632945081
14 31 0.36062367195241174
14 32 0.3564975442190508
14 33 0.35230085987885
14 34 0.34803493254917245
14 35 0.3437009225114897
14 36 0.3392998476116862
14 37 0.33483259248667824
14 38 0.3302999163256101
14 39 0.3257024593339977
14 40 0.3210407480360013
14 41 0.31631519952224674
14 42 0.3115261247267966
14 43 0.3066737307961408
14 44 0.3115261247267966
14 45 0.31631519952224674
14 46 0.3210407480360013
14 47 0.3257024593339977
14 48 0.3302999163256101
14 49 0.3348325924866782
15 0 0.3922799796628477
15 1 0.4127064805642409
15 2 0.41808820752575826
15 3 0.42093130982389004
15 4 0.4224348383526469
15 5 0.42306597171690824
15 6 0.4230655849316606
15 7 0.42257747319738587
15 8 0.4216957525466896
15 9 0.42048606778128533
15 10 0.418996393552279
15 11 0.4172630667243962
15 12 0.41531439755173133
15 13 0.4131729520542468
15 14 0.41085705899992064
15 15 0.40838184137381633
15 16 0.40575994399178567
15 17 0.40300206010145245
15 18 0.4001173210062177
15 19 0.39711358992432244
15 20 0.3939976873774728
15 21 0.3907755666455354
15 22 0.3874524521584088
15 23 0.3840329499402968
15 24 0.380521136676791
15 25 0.37692063221662997
15 26 0.3732346590831071
15 27 0.3694660916858816
15 28 0.3656174972825075
15 29 0.36169117026729664
15 30 0.3576891610138034
15 31 0.35361330023261495
15 32 0.34946521960440685
15 33 0.34524636929307845
15 34 0.34095803282301457
15 35 0.33660133970972506
15 36 0.33217727615792375
15 37 0.32768669408081574
15 38 0.32313031864552405
15 39 0.3185087545095525
15 40 0.31382249087988084
15 41 0.3090719054981798
15 42 0.30425726763144106
15 43 0.30425726763144106
15 44 0.30907190549817987
15 45 0.31382249087988084
15 46 0.3185087545095525
15 47 0.32313031864552405
15 48 0.32768669408081574
15 49 0.3321772761579237
16 0 0.38630602771309
16 1 0.4065616514072493
16 2 0.4118743583254049
16 3 0.4146648266988134
16 4 0.41612404838291717
16 5 0.4167160930397351
16 6 0.41668024611298904
16 7 0.4161593604908573
16 8 0.41524693884623004
16 9 0.41400819983219983
16 10 0.41249080730266147
16 11 0.4107308627183153
16 12 0.40875649250133106
16 13 0.4065901154145442
16 14 0.4042499396762603
16 15 0.40175098769610285
16 16 0.39910581895054675
16 17 0.39632505316011957
16 18 0.3934177573814534
16 19 0.39039173795488047
16 20 0.3872537644227775
16 21 0.3840097438337065
16 22 0.38066485821913826
16 23 0.37722367429841475
16 24 0.3736902319393146
16 25 0.3700681161545754
16 26 0.3663605161857585
16 27 0.3625702743474144
16 28 0.35869992666705347
16 29 0.3547517368877769
16 30 0.35072772505124983
16 31 0.3466296916156474
16 32 0.3424592378627519
16 33 0.33821778319394263
16 34 0.33390657979479954
16 35 0.3295267250535352
16 36 0.32507917204359965
16 37 0.32056473832056276
16 38 0.31598411323457964
16 39 0.31133786391951657
16 40 0.3066264400863213
16 41 0.3018501777196922
16 42 0.29700930175243584
16 43 0.3018501777196922
16 44 0.3066264400863213
16 45 0.31133786391951657
16 46 0.31598411323457964
16 47 0.3205647383205628
16 48 0.3250791720435998
16 49 0.3295267250535353
17 0 0.3803642173143744
17 1 0.4004486091325067
17 2 0.40569208516091243
17 3 0.40842972510157755
17 4 0.4098444506084228
17 5 0.41039721822469827
17 6 0.4103257217051954
17 7 0.40977187034778556
17 8 0.4088285525935703
17 9 0.40756056029206533
17 10 0.4060152459682741
17 11 0.4042284752190781
17 12 0.40222819021636697
17 13 0.4000366620697528
17 14 0.3976719780611108
17 15 0.39514905963808605
17 16 0.3924803805445211
17 17 0.38967648656842185
17 18 0.38674638009739565
17 19 0.38369781015063564
17 20 0.3805374948231364
17 21 0.3772712944354825
17 22 0.3739043480916447
17 23 0.37044118264066983
17 24 0.36688580052658404
17 25 0.36324175127518954
17 26 0.35951219014556574
17 27 0.3556999266012397
17 28 0.35180746462275914
17 29 0.34783703641756963
17 30 0.3437906307362201
17 31 0.33967001674236685
17 32 0.3354767641847567
17 33 0.3312122604658333
17 34 0.3268777250820427
17 35 0.322474221816917
17 36 0.3180026689932302
17 37 0.3134638480304387
17 38 0.3088584105046783
17 39 0.30418688386821524
17 40 0.2994496759513766
17 41 0.2946470783410284
17 42 0.2946470783410284
17 43 0.2994496759513766
17 44 0.30418688386821535
17 45 0.3088584105046783
17 46 0.3134638480304387
17 47 0.3180026689932302
17 48 0.322474221816917
17 49 0.3268777250820426
18 0 0.3744522827987568
18 1 0.39436502561978254
18 2 0.3995390400244499
18 3 0.4022236439646424
18 4 0.4035936743607877
18 5 0.40410696915894656
18 6 0.4039996276383039
18 7 0.40341261382880483
18 8 0.4024382008045701
18 9 0.40114075277080635
18 10 0.39956731025348013
18 11 0.39775350241791335
18 12 0.395727086680005
18 13 0.39351018602686244
18 14 0.39112076635399157
18 15 0.38857364770437064
18 16 0.3858812176447929
18 17 0.3830539475774998
18 18 0.38010077475315074
18 19 0.37702939038207833
18 20 0.3738464605996739
18 21 0.37055779845732995
18 22 0.3671684995568464
18 23 0.36368305026430314
18 24 0.36010541494452214
18 25 0.3564391069330763
18 26 0.3526872467499227
18 27 0.3488526101916207
18 28 0.344937668309891
18 29 0.3409446208214595
18 30 0.336875424149342
18 31 0.3327318150357861
18 32 0.32851533046892545
18 33 0.3242273245124134
18 34 0.3198689825083796
18 35 0.3154413330302874
18 36 0.3109452578877339
18 37 0.3063815004251113
18 38 0.30175067230698505
18 39 0.29705325894238555
18 40 0.29228962366593303
18 41 0.2874600107641168
18 42 0.29228962366593303
18 43 0.29705325894238555
18 44 0.30175067230698494
18 45 0.30638150042511125
18 46 0.31094525788773386
18 47 0.3154413330302874
18 48 0.31986898250837964
18 49 0.32422732451241354
19 0 0.36856826963649936
19 1 0.38830888975586836
19 2 0.3934131935096133
19 3 0.3960445416981112
19 4 0.39736966894591796
19 5 0.3978432879520278
19 6 0.39769990013132234
19 7 0.39707952220812837
19 8 0.39607381051678403
19 9 0.3947467006091031
19 10 0.3931449202157699
19 11 0.39130386140397255
19 12 0.38925109624725784
19 13 0.3870085990727985
19 14 0.3845942138803484
19 15 0.38202265881212333
19 16 0.37930623476415887
19 17 0.37645533825307587
19 18 0.3734788408795978
19 19 0.3703843755130101
19 20 0.36717855577223757
19 21 0.3638671468527484
19 22 0.36045520023246025
19 23 0.35694716113260566
19 24 0.3533469551313737
19 25 0.3496580586154079
19 26 0.3458835565494225
19 27 0.3420261901827458
19 28 0.3380883966864957
19 29 0.33407234225519
19 30 0.32997994986400164
19 31 0.32581292261440886
19 32 0.32157276340399
19 33 0.31726079150409753
19 34 0.3128781565106844
19 35 0.3084258500401613
19 36 0.3039047154676496
19 37 0.2993154559449012
19 38 0.29465864088580657
19 39 0.2899347110664239
19 40 0.28514398245160916
19 41 0.2851439824516092
19 42 0.2899347110664239
19 43 0.29465864088580657
19 44 0.2993154559449012
19 45 0.3039047154676496
19 46 0.3084258500401613
19 47 0.3128781565106844
19 48 0.3172607915040972
19 49 0.32157276340398966
20 0 0.36271047873165435
20 1 0.3822784505561597
20 2 0.38731277760071653
20 3 0.3898906387857336
20 4 0.3911706461190169
20 5 0.39160437933639136
20 6 0.3914247380514675
20 7 0.390770789316832
20 8 0.3897335711369748
20 9 0.38837658924672075
20 10 0.38674625766891585
20 11 0.38487773061423874
20 12 0.38279839415201933
20 13 0.38053007334770206
20 14 0.3780904897391194
20 15 0.3754942590200567
20 16 0.37275359487389936
20 17 0.36987881838569214
20 18 0.3668787349481085
20 19 0.36376091851219944
20 20 0.36053192957788555
20 21 0.3571974848509538
20 22 0.35376259101467394
20 23 0.3502316514318526
20 24 0.34660855213159897
20 25 0.34289673173391205
20 26 0.3390992387683955
20 27 0.335218778987624
20 28 0.33125775465466284
20 29 0.32721829732730146
20 30 0.323102295321023
20 31 0.3189114167758876
20 32 0.31464712905651104
20 33 0.31031071506310626
20 34 0.30590328691350427
20 35 0.30142579736296354
20 36 0.2968790492541176
20 37 0.2922637032291019
20 38 0.2875802838863598
20 39 0.28282918452303835
20 40 0.2780106705683975
20 41 0.28282918452303835
20 42 0.2875802838863598
20 43 0.29226370322910183
20 44 0.29687904925411757
20 45 0.30142579736296354
20 46 0.30590328691350427
20 47 0.31031071506310626
20 48 0.31464712905651104
20 49 0.3189114167758873
21 0 0.3688017311092878
21 1 0.37627217287603193
21 2 0.38123624112312743
21 3 0.38376037308263805
21 4 0.3849950352860546
21 5 0.3853886658087256
21 6 0.38517255802114014
21 7 0.38448482663508565
21 8 0.3834158895341734
21 9 0.3820288213291329
21 10 0.38036972131381186
21 11 0.3784735049976577
21 12 0.37636737171235163
21 13 0.37407299659813065
21 14 0.3716079781097979
21 15 0.36898682889453027
21 16 0.36622167483346585
21 17 0.3633227609879113
21 18 0.36029882593867507
21 19 0.3571573840952954
21 20 0.353904942188949
21 21 0.3505471677529235
21 22 0.347089021953533
21 23 0.34353486552683155
21 24 0.33988854413177216
21 25 0.3361534577407542
21 26 0.3323326174997437
21 27 0.3284286926400764
21 28 0.3244440494070971
21 29 0.32038078351673593
21 30 0.31624074731271595
21 31 0.31202557254175156
21 32 0.3077366894691112
21 33 0.30337534290644497
21 34 0.29894260560611124
21 35 0.2944393893833341
21 36 0.2898664542530171
21 37 0.2852244158075075
21 38 0.280513751011629
21 39 0.27573480254909316
21 40 0.2757348025490932
21 41 0.280513751011629
21 42 0.28522441580750746
21 43 0.2898664542530171
21 44 0.2944393893833341
21 45 0.29894260560611124
21 46 0.30337534290644486
21 47 0.3077366894691112
21 48 0.31202557254175156
21 49 0.3162407473127159
22 0 0.3747074154454775
22 1 0.37028870246144513
22 2 0.3751822145855163
22 3 0.37765236453506407
22 4 0.3788414481454642
22 5 0.3791947522221285
22 6 0.3789419589808055
22 7 0.3782202278410909
22 8 0.3771193545867981
22 9 0.3757019812627281
22 10 0.3740138913099571
22 11 0.3720897606098519
22 12 0.36995660095427474
22 13 0.3676359368350102
22 14 0.3651452429488722
22 15 0.3624989282481968
22 16 0.3597090301744615
22 17 0.3567857171262619
22 18 0.35373766022192127
22 19 0.35057231365855446
22 20 0.34729612969961104
22 21 0.3439147259715113
22 22 0.34043301734670434
22 23 0.336855321107845
22 24 0.33318544165983743
22 25 0.32942673937840405
22 26 0.32558218700304437
22 27 0.321654416137932
22 28 0.3176457558113194
22 29 0.31355826459295405
22 30 0.3093937574326319
22 31 0.30515382812914865
22 32 0.30083986814497377
22 33 0.2964530823320814
22 34 0.2919945020171517
22 35 0.2874649958014644
22 36 0.28286527835623837
22 37 0.27819591743328664
22 38 0.273457339260279
22 39 0.26864983244692064
22 40 0.273457339260279
22 41 0.27819591743328664
22 42 0.2828652783562383
22 43 0.2874649958014644
22 44 0.2919945020171517
22 45 0.2964530823320814
22 46 0.30083986814497377
22 47 0.3051538281291485
22 48 0.3093937574326319
22 49 0.31355826459295405
23 0 0.380436710057387
23 1 0.36432683803710736
23 2 0.36914948209919585
23 3 0.3715653869997113
23 4 0.37270865044312884
23 5 0.37302139749941743
23 6 0.37273169387675414
23 7 0.3719757404854123
23 8 0.37084270885311194
23 9 0.369394806889057
23 10 0.36767750095985957
23 11 0.36572522631293475
23 12 0.3635648063314597
23 13 0.3612176140769042
23 14 0.3587009997597646
23 15 0.356029267939164
23 16 0.3532143669310677
23 17 0.35026638778447966
23 18 0.3471939334562672
23 19 0.3440043972105526
23 20 0.3407041760923286
23 21 0.33729883703221014
23 22 0.333793247773739
23 23 0.3301916812570248
23 24 0.3264978996813832
23 25 0.3227152228030909
23 26 0.31884658385164777
23 27 0.31489457560930334
23 28 0.3108614885896657
23 29 0.30674934280304095
23 30 0.3025599142618104
23 31 0.29829475712672243
23 32 0.2939552222020095
23 33 0.289542472337952
23 34 0.28505749518252105
23 35 0.2805011136309254
23 36 0.27587399424702735
23 37 0.27117665386923995
23 38 0.2664094645622085
23 39 0.2664094645622085
23 40 0.27117665386923995
23 41 0.2758739942470272
23 42 0.2805011136309254
23 43 0.28505749518252105
23 44 0.289542472337952
23 45 0.29395522220200954
23 46 0.29829475712672243
23 47 0.3025599142618104
23 48 0.30674934280304095
23 49 0.3108614885896657
24 0 0.3859977756113453
24 1 0.36430355982806534
24 2 0.36313695870615226
24 3 0.3654983454888904
24 4 0.3665955391634455
24 5 0.3668674917884634
24 6 0.3665406467935962
24 7 0.3657502431103244
24 8 0.3645848256849368
24 9 0.36310616659896305
24 10 0.36135941382846526
24 11 0.3593787609042571
24 12 0.35719084186654526
24 13 0.35481687750656726
24 14 0.3522740927667362
24 15 0.3495766870638565
24 16 0.34673651885301787
24 17 0.34376360109730425
24 18 0.34066646784278914
24 19 0.33745245064789064
24 20 0.3341278905336901
24 21 0.3306983028879617
24 22 0.3271685074280309
24 23 0.32354273179506
24 24 0.3198246949580835
24 25 0.3160176749511266
24 26 0.31212456430215324
24 27 0.30814791567952143
24 28 0.30408997967684487
24 29 0.2999527362117226
24 30 0.2957379206815653
24 31 0.2914470457686744
24 32 0.2870814195946454
24 33 0.282642160775421
24 34 0.2781302108115379
24 35 0.2735463441551515
24 36 0.2688911762202353
24 37 0.26416516954033464
24 38 0.25936863822594425
24 39 0.26416516954033464
24 40 0.2688911762202353
24 41 0.27354634415515156
24 42 0.2781302108115379
24 43 0.282642160775421
24 44 0.2870814195946454
24 45 0.2914470457686744
24 46 0.29573792068156524
24 47 0.29995273621172264
24 48 0.30408997967684487
24 49 0.30814791567952143
25 0 0.3913978974862601
25 1 0.36954634603042047
25 2 0.35893200024318456
25 3 0.3594502576155863
25 4 0.36050112392820727
25 5 0.36073203782977276
25 6 0.36036781430099873
25 7 0.35954272658345526
25 8 0.3583446905542014
25 9 0.35683504065674104
25 10 0.35505860506866715
25 11 0.35304933444624664
25 12 0.350833672487675
25 13 0.3484326868159706
25 14 0.34586347626972597
25 15 0.3431401343225223
25 16 0.34027442878217307
25 17 0.3372762937380813
25 18 0.3341541935233641
25 19 0.33091539716292173
25 20 0.3275661887902638
25 21 0.32411203134111327
25 22 0.3205576955422927
25 23 0.3169073627069139
25 24 0.3131647074696132
25 25 0.30933296495214
25 26 0.305414985693109
25 27 0.3014132808483345
25 28 0.2973300595673552
25 29 0.2931672600092112
25 30 0.2889265751302234
25 31 0.28460947412680704
25 32 0.2802172202251125
25 33 0.2757508853609268
25 34 0.2712113621766345
25 35 0.2665993736687769
25 36 0.2619154807440538
25 37 0.2571600878787195
25 38 0.25716008787871947
25 39 0.2619154807440538
25 40 0.2665993736687769
25 41 0.2712113621766345
25 42 0.27575088536092646
25 43 0.2802172202251125
25 44 0.28460947412680704
25 45 0.2889265751302234
25 46 0.2931672600092112
25 47 0.2973300595673556
25 48 0.3014132808483345
25 49 0.3054149856931089
26 0 0.3966436028145666
26 1 0.374638827445388
26 2 0.36393853793116293
26 3 0.35511732982310845
26 4 0.354424511690572
26 5 0.3546141356225263
26 6 0.3542122901002915
26 7 0.3533522787312186
26 8 0.35212138567792656
26 9 0.3505805058203335
26 10 0.3487741460395623
26 11 0.3467360128848829
26 12 0.34449235864878014
26 13 0.3420640968295018
26 14 0.33946819927108635
26 15 0.3367186526497004
26 16 0.3338271332864928
26 17 0.3308034955555479
26 18 0.3276561332191271
26 19 0.3243922518822554
26 20 0.3210180778649602
26 21 0.31753902067488765
26 22 0.3139598010117141
26 23 0.3102845527525143
26 24 0.3065169050068928
26 25 0.30266004869891505
26 26 0.2987167909844112
26 27 0.2946895999905225
26 28 0.29058064176751214
26 29 0.28639181090312
26 30 0.282124755921345
26 31 0.27778090033908714
26 32 0.27336146006357354
26 33 0.26886745766551
26 34 0.26429973394612155
26 35 0.25965895712268316
26 36 0.2549456298806062
26 37 0.25016009447616644
26 38 0.2549456298806062
26 39 0.2596589571226832
26 40 0.26429973394612155
26 41 0.26886745766551
26 42 0.27336146006357365
26 43 0.27778090033908714
26 44 0.2821247559213447
26 45 0.28639181090312
26 46 0.29058064176751214
26 47 0.2946895999905226
26 48 0.2987167909844112
26 49 0.30266004869891494
27 0 0.4017407574734858
27 1 0.3795866291533846
27 2 0.36880197471053433
27 3 0.35990694319227223
27 4 0.3519960328587545
27 5 0.3485129697010597
27 6 0.3480732522824876
27 7 0.3471780715834045
27 8 0.3459140772531454
27 9 0.34434172256937945
27 10 0.3425051915296909
27 11 0.34043794526962834
27 12 0.3381660435471521
27 13 0.33571024471967953
27 14 0.33308739268948784
27 15 0.3303113664259392
27 16 0.32739374986872943
27 17 0.3243443167782477
27 18 0.3211713894288404
27 19 0.3178821090567853
27 20 0.3144826431758845
27 21 0.3109783468175433
27 22 0.30737388953920336
27 23 0.3036733565880271
27 24 0.2998803302634011
27 25 0.29599795590168154
27 26 0.29202899576622704
27 27 0.28797587330968083
27 28 0.28384070968260255
27 29 0.27962535392549587
27 30 0.275331407954808
27 31 0.27096024720613554
27 32 0.2665130376080851
27 33 0.2619907494123542
27 34 0.25739416828869427
27 35 0.25272390399916095
27 36 0.24798039688858176
27 37 0.24798039688858176
27 38 0.252723903999161
27 39 0.2573941682886942
27 40 0.2619907494123542
27 41 0.2665130376080851
27 42 0.27096024720613565
27 43 0.275331407954808
27 44 0.27962535392549587
27 45 0.28384070968260244
27 46 0.2879758733096809
27 47 0.29202899576622704
27 48 0.29599795590168154
27 49 0.2998803302634011
28 0 0.4066946470440745
28 1 0.3843948172860206
28 2 0.3735272628391437
28 3 0.3645595068548128
28 4 0.3565810079720146
28 5 0.34923774211502623
28 6 0.3423474723538881
28 7 0.34101935070413486
28 8 0.33972200477697717
28 9 0.3381179244165236
28 10 0.3362509690610328
28 11 0.3341543530509795
28 12 0.3318539424149887
28 13 0.3293703392926274
28 14 0.32672025863887627
28 15 0.3239174707493155
28 16 0.3209734662291656
28 17 0.3178979372666296
28 18 0.31469913366801533
28 19 0.3113841312849193
28 20 0.30795903776010397
28 21 0.30442915252243
28 22 0.3007990927866602
28 23 0.29707289388235625
28 24 0.2932540899098361
28 25 0.289345779112643
28 26 0.2853506772236698
28 27 0.2812711612316458
28 28 0.2771093054256902
28 29 0.27286691114131856
28 30 0.268545531306555
28 31 0.2641464906405579
28 32 0.25967090216791566
28 33 0.25511968056386825
28 34 0.25049355272842244
28 35 0.24579306589219269
28 36 0.24101859347796922
28 37 0.24579306589219269
28 38 0.2504935527284225
28 39 0.25511968056386825
28 40 0.2596709021679156
28 41 0.2641464906405579
28 42 0.268545531306555
28 43 0.27286691114131856
28 44 0.2771093054256902
28 45 0.2812711612316457
28 46 0.2853506772236697
28 47 0.2893457791126431
28 48 0.2932540899098361
28 49 0.29707289388235625
29 0 0.4115100448328553
29 1 0.3890679643238108
29 2 0.3781188694661601
29 3 0.3690793978065585
29 4 0.3610341325421525
29 5 0.3536271466069566
29 6 0.3466752177911481
29 7 0.3400690896395263
29 8 0.3337372942384567
29 9 0.33190840889772577
29 10 0.3300107698696636
29 11 0.3278845210518761
29 12 0.32555533348145865
29 13 0.3230436519403073
29 14 0.3203660613698852
29 15 0.3175362223646349
29 16 0.31456553118072234
29 17 0.3114635974116881
29 18 0.3082385973481267
29 19 0.3048975403688003
29 20 0.30144647310262085
29 21 0.297890638164649
29 22 0.29423459913334776
29 23 0.2904823400302097
29 24 0.2866373452536601
29 25 0.28270266432235924
29 26 0.27868096465874054
29 27 0.2745745748387625
29 28 0.27038552014871703
29 29 0.26611555185823804
29 30 0.26176617129556534
29 31 0.25733864956589736
29 32 0.25283404356466477
29 33 0.24825320878961019
29 34 0.243596809337471
29 35 0.23886532537484081
29 36 0.23886532537484081
29 37 0.243596809337471
29 38 0.24825320878961007
29 39 0.25283404356466477
29 40 0.25733864956589736
29 41 0.26176617129556534
29 42 0.26611555185823804
29 43 0.27038552014871703
29 44 0.2745745748387626
29 45 0.27868096465874087
29 46 0.28270266432235924
29 47 0.2866373452536601
29 48 0.29048234003020973
29 49 0.29423459913334776
30 0 0.41619126936433504
30 1 0.39361020427807386
30 2 0.38258083067240356
30 3 0.3734705678837115
30 4 0.3653592808626726
30 5 0.3578891998983858
30 6 0.3508761480423627
30 7 0.34421029427641886
30 8 0.33781979015746366
30 9 0.3316545177513362
30 10 0.3256778210984544
30 11 0.3216277897984461
30 12 0.3192695502910262
30 13 0.3167295089454412
30 14 0.3140241195599569
30 15 0.3111669319368563
30 16 0.30816924690329084
30 17 0.30504059036725434
30 18 0.3017890639833123
30 19 0.29842160949117214
30 20 0.29494421127837145
30 21 0.2913620538422565
30 22 0.2876796457293727
30 23 0.2839009181497163
30 24 0.2800293041713155
30 25 0.2760678028154263
30 26 0.27201903125642035
30 27 0.2678852675311093
30 28 0.2636684855809074
30 29 0.2593703840210438
30 30 0.25499240970952813
30 31 0.25053577694411716
30 32 0.246001482926728
30 33 0.24139031998634006
30 34 0.2367028849323596
30 35 0.23193958581259494
30 36 0.23670288493235955
30 37 0.24139031998634003
30 38 0.24600148292672805
30 39 0.25053577694411716
30 40 0.2549924097095281
30 41 0.2593703840210438
30 42 0.2636684855809074
30 43 0.2678852675311093
30 44 0.27201903125642035
30 45 0.2760678028154263
30 46 0.28002930417131544
30 47 0.2839009181497163
30 48 0.2876796457293727
30 49 0.2913620538422565
31 0 0.420742233235939
31 1 0.39802527957261935
31 2 0.3869167973711471
31 3 0.3777365888422748
31 4 0.3695599515231017
31 5 0.36202733090260864
31 6 0.35495362452275203
31 7 0.34822844379396184
31 8 0.3417795704786468
31 9 0.3355566240354461
31 10 0.32952275203776266
31 11 0.32364999382212184
31 12 0.31791650752886447
31 13 0.3123048189372712
31 14 0.3076937997052758
31 15 0.30480895742198494
31 16 0.30178396229066523
31 17 0.29862825536944754
31 18 0.2953498624781353
31 19 0.29195565646648225
31 20 0.2884515581608174
31 21 0.28484269253550665
31 22 0.2811335115975201
31 23 0.27732789211746633
31 24 0.27342921406549925
31 25 0.26944042403712054
31 26 0.2653640868456209
31 27 0.2612024276640796
31 28 0.25695736652219886
31 29 0.25263054653647393
31 30 0.24822335693207306
31 31 0.24373695167098058
31 32 0.23917226431206956
31 33 0.2345300195795798
31 34 0.22981074199610282
31 35 0.22981074199610313
31 36 0.2345300195795798
31 37 0.23917226431206956
31 38 0.2437369516709806
31 39 0.24822335693207317
31 40 0.2526305465364739
31 41 0.2569573665221989
31 42 0.2612024276640796
31 43 0.26536408684562085
31 44 0.26944042403712054
31 45 0.2734292140654992
31 46 0.27732789211746633
31 47 0.28113351159752015
31 48 0.2848426925355064
31 49 0.2884515581608174
32 0 0.42516648483380787
32 1 0.4023165810634559
32 2 0.3911300744783209
32 3 0.38188069081412596
32 4 0.3736393052183286
32 5 0.36604463393547126
32 6 0.3589106770208553
32 7 0.35212650455964417
32 8 0.345619538741738
32 9 0.33933914317730424
32 10 0.33324827356456643
32 11 0.3273188191186126
32 12 0.32152881628739455
32 13 0.315860689138985
32 14 0.3103000883205969
32 15 0.30483509676237136
32 16 0.29945566950870545
32 17 0.2941532282727303
32 18 0.28892036130022175
32 19 0.28549903786988634
32 20 0.2819678575005797
32 21 0.27833188412717663
32 22 0.2745955115860591
32 23 0.2707625604429777
32 24 0.2668363556486331
32 25 0.26281978927106175
32 26 0.25871537145365886
32 27 0.254525271959222
32 28 0.2502513540863694
32 29 0.24589520232015366
32 30 0.24145814475980734
32 31 0.23694127112309823
32 32 0.2323454469374495
32 33 0.22767132437775855
32 34 0.22291935008844047
32 35 0.22767132437775855
32 36 0.23234544693744938
32 37 0.23694127112309823
32 38 0.24145814475980734
32 39 0.24589520232015366
32 40 0.2502513540863694
32 41 0.254525271959222
32 42 0.2587153714536589
32 43 0.26281978927106175
32 44 0.26683635564863306
32 45 0.2707625604429779
32 46 0.2745955115860591
32 47 0.2783318841271767
32 48 0.2819678575005797
32 49 0.28549903786988623
33 0 0.42946724410589254
33 1 0.4064871823448405
33 2 0.39522365447694674
33 3 0.3859057952450478
33 4 0.37760019711702136
33 5 0.3699439005480083
33 6 0.362750035017169
33 7 0.35590714483809516
33 8 0.3493423023692039
33 9 0.34300462176787744
33 10 0.33685687115597596
33 11 0.33087079252037066
33 12 0.32502430251316833
33 13 0.31929972464502115
33 14 0.31368262280102194
33 15 0.3081610031838599
33 16 0.30272475145504674
33 17 0.2973652253027194
33 18 0.2920749527931265
33 19 0.2868474045718991
33 20 0.2816768187730619
33 21 0.2765580642800678
33 22 0.27148653236971665
33 23 0.2664580496751146
33 24 0.26146880736994926
33 25 0.2565153028327502
33 26 0.25207214948912937
33 27 0.24785303952090812
33 28 0.2435496595235178
33 29 0.2391635318917479
33 30 0.23469591973073997
33 31 0.230147844172586
33 32 0.22552009782303117
33 33 0.22081325477904973
33 34 0.22081325477904973
33 35 0.22552009782303117
33 36 0.230147844172586
33 37 0.23469591973073992
33 38 0.23916353189174772
33 39 0.2435496595235178
33 40 0.24785303952090812
33 41 0.25207214948912937
33 42 0.2565153028327502
33 43 0.26146880736994926
33 44 0.2664580496751146
33 45 0.27148653236971654
33 46 0.2765580642800678
33 47 0.2816768187730619
33 48 0.28684740457189906
33 49 0.2920749527931265
34 0 0.4336474333545948
34 1 0.41053986926511205
34 2 0.39920024628022865
34 3 0.3898145432033381
34 4 0.381445204663539
34 5 0.3737276468495661
34 6 0.36647415454583304
34 7 0.35957276120212456
34 8 0.3529501986328393
34 9 0.3465553375913749
34 10 0.3403507626378027
34 11 0.3343080711774942
34 12 0.32840506173903716
34 13 0.32262395821735634
34 14 0.3169502381025642
34 15 0.311371830764374
34 16 0.3058785519699824
34 17 0.3004616945080846
34 18 0.2951137250538136
34 19 0.28982805519685756
34 20 0.2845988653944716
34 21 0.2794209674272942
34 22 0.2742896953415391
34 23 0.2692008177788644
34 24 0.26415046656952823
34 25 0.25913507782613016
34 26 0.25415134273048706
34 27 0.24919616588613563
34 28 0.244266629599174
34 29 0.23935996280708288
34 30 0.23447351363679864
34 31 0.22960472476559052
34 32 0.22475111089898153
34 33 0.2199102377812521
34 34 0.22475111089898162
34 35 0.22960472476559057
34 36 0.23447351363679858
34 37 0.23935996280708288
34 38 0.244266629599174
34 39 0.24919616588613555
34 40 0.25415134273048706
34 41 0.25913507782613054
34 42 0.26415046656952823
34 43 0.2692008177788644
34 44 0.2742896953415391
34 45 0.27942096742729416
34 46 0.2845988653944716
34 47 0.28982805519685756
34 48 0.29511372505381384
34 49 0.3004616945080846
35 0 0.4377097038280375
35 1 0.4144771653998512
35 2 0.40306230012532873
35 3 0.39360931977805036
35 4 0.3851766515207594
35 5 0.37739813701792435
35 6 0.3700852412855128
35 7 0.3631255012119924
35 8 0.35644531692487075
35 9 0.3499933214883561
35 10 0.34373191963717137
35 11 0.33763256659651736
35 12 0.3316729442168861
35 13 0.3258351775011187
35 14 0.3201046576953596
35 15 0.3144692370112527
35 16 0.30891866058271505
35 17 0.3034441551849939
35 18 0.2980381246350845
35 19 0.29269391965599556
35 20 0.2874056608728571
35 21 0.2821681004539303
35 22 0.2769765123335765
35 23 0.2718266038839597
35 24 0.2667144438842644
35 25 0.2616364030029601
35 26 0.25658910396686235
35 27 0.2515693792724144
35 28 0.24657423478534865
35 29 0.24160081793142485
35 30 0.23664638944135577
35 31 0.2317082978032085
35 32 0.22678395571315524
35 33 0.2267839557131552
35 34 0.23170829780320853
35 35 0.23664638944135577
35 36 0.24160081793142482
35 37 0.24657423478534865
35 38 0.2515693792724144
35 39 0.25658910396686246
35 40 0.26163640300296
35 41 0.26671444388426435
35 42 0.2718266038839597
35 43 0.2769765123335765
35 44 0.2821681004539303
35 45 0.2874056608728571
35 46 0.2926939196559954
35 47 0.2980381246350845
35 48 0.3034441551849939
35 49 0.30891866058271505
36 0 0.44165645874453985
36 1 0.41830135409114844
36 2 0.40681202909378517
36 3 0.3972922751521411
36 4 0.3887966282293398
36 5 0.3809574035628998
36 6 0.37358527043731926
36 7 0.36656728291231483
36 8 0.35982951787470724
36 9 0.35332037609012845
36 10 0.3470020859296588
36 11 0.34084596259298783
36 12 0.33482957246592254
36 13 0.328934942156425
36 14 0.3231473765901349
36 15 0.31745465026149616
36 16 0.31184643668710166
36 17 0.30631389525435093
36 18 0.30084936517522515
36 19 0.2954461341916783
36 20 0.29009826060935756
36 21 0.2848004341091265
36 22 0.2795478652276411
36 23 0.2743361963392707
36 24 0.2691614289610663
36 25 0.2640198635737714
36 26 0.258908049112776
36 27 0.2538227399658471
36 28 0.24876085880523993
36 29 0.24371946393746216
36 30 0.23869572011238896
36 31 0.23368687192068813
36 32 0.22869021904194486
36 33 0.23368687192068813
36 34 0.23869572011238896
36 35 0.24371946393746213
36 36 0.24876085880523993
36 37 0.2538227399658471
36 38 0.258908049112776
36 39 0.2640198635737714
36 40 0.2691614289610663
36 41 0.27433619633927053
36 42 0.2795478652276411
36 43 0.2848004341091265
36 44 0.29009826060935723
36 45 0.2954461341916783
36 46 0.3008493651752252
36 47 0.3063138952543509
36 48 0.3118464366871016
36 49 0.31745465026149616
37 0 0.4454898732700795
37 1 0.42201449755143544
37 2 0.41045142774637294
37 3 0.40086534282928094
37 4 0.3923070100540785
37 5 0.38440726480636045
37 6 0.376976003845266
37 7 0.36989981159494173
37 8 0.36310444975259804
37 9 0.35653809185858854
37 10 0.35016279310809395
37 11 0.3439497305794627
37 12 0.337876356167628
37 13 0.33192459834547067
37 14 0.3260796753998038
37 15 0.3203292832972682
37 16 0.3146630226871152
37 17 0.30907198390955254
37 18 0.3035484395161486
37 19 0.29808561181656346
37 20 0.29267749393913156
37 21 0.2873187097923907
37 22 0.2820044027734129
37 23 0.27673014602068574
37 24 0.27149186900556754
37 25 0.26628579663176977
37 26 0.26110839797549107
37 27 0.2559563424824353
37 28 0.25082646192830294
37 29 0.24571571680325888
37 30 0.2406211660366399
37 31 0.2355399391612656
37 32 0.2355399391612656
37 33 0.2406211660366396
37 34 0.24571571680325882
37 35 0.25082646192830294
37 36 0.2559563424824353
37 37 0.26110839797549074
37 38 0.2662857966317694
37 39 0.2714918690055676
37 40 0.27673014602068574
37 41 0.2820044027734129
37 42 0.2873187097923907
37 43 0.292677493939131
37 44 0.29808561181656307
37 45 0.30354843951614857
37 46 0.30907198390955254
37 47 0.3146630226871152
37 48 0.3203292832972678
37 49 0.3260796753998038
38 0 0.44921191187650833
38 1 0.4256184534419146
38 2 0.4139822882734584
38 3 0.4043302554078217
38 4 0.3957094724038441
38 5 0.3877493399585797
38 6 0.38025900473282526
38 7 0.37312459419504246
38 8 0.3662715625211728
38 9 0.3596478607862213
38 10 0.3532153739213431
38 11 0.34694514253080966
38 12 0.34081450474261116
38 13 0.3348052909031295
38 14 0.32890263208299986
38 15 0.32309414463812275
38 16 0.31736935480978584
38 17 0.3117192819178596
38 18 0.3061361294560719
38 19 0.30061305147483625
38 20 0.29514397265194087
38 21 0.2897234473767544
38 22 0.2843465476486392
38 23 0.279008772552439
38 24 0.27370597407646363
38 25 0.26843429541757236
38 26 0.2631901188827038
38 27 0.2579700211800509
38 28 0.25277073438208203
38 29 0.24758911119410285
38 30 0.2424220934138071
38 31 0.23726668264488412
38 32 0.24242209341380705
38 33 0.24758911119410265
38 34 0.2527707343820821
38 35 0.25797002118005086
38 36 0.2631901188827038
38 37 0.26843429541757236
38 38 0.27370597407646363
38 39 0.2790087725524393
38 40 0.2843465476486392
38 41 0.28972344737675443
38 42 0.29514397265194087
38 43 0.30061305147483625
38 44 0.3061361294560719
38 45 0.3117192819178594
38 46 0.3173693548097858
38 47 0.3230941446381228
38 48 0.32890263208299986
38 49 0.3348052909031295
39 0 0.4528243434341032
39 1 0.42911488926431973
39 2 0.4174062144919461
39 3 0.4076885582263946
39 4 0.3990055041435263
39 5 0.3909850621035518
39 6 0.383435650362583
39 7 0.3762429516218585
39 8 0.3693321198307111
39 9 0.3626508880464093
39 10 0.35616097356742377
39 11 0.34983328190508145
39 12 0.3436450378813326
39 13 0.3375779734564973
39 14 0.3316171316279487
39 15 0.3257500477609236
39 16 0.31996617182853127
39 17 0.3142564498095983
39 18 0.3086130133613649
39 19 0.303028945026955
39 20 0.29749809729241844
39 21 0.29201495075829037
39 22 0.28657450118116806
39 23 0.2811721681125558
39 24 0.2758037198706397
39 25 0.27046521096278064
39 26 0.26515292904242443
39 27 0.2598633491671909
39 28 0.25459309361190163
39 29 0.24933889583797358
39 30 0.24409756746702588
39 31 0.24409756746702596
39 32 0.24933889583797358
39 33 0.25459309361190163
39 34 0.25986334916719117
39 35 0.26515292904242443
39 36 0.27046521096278064
39 37 0.27580371987063973
39 38 0.2811721681125558
39 39 0.28657450118116806
39 40 0.2920149507582904
39 41 0.29749809729241844
39 42 0.30302894502695493
39 43 0.3086130133613649
39 44 0.31425644980959844
39 45 0.31996617182853127
39 46 0.3257500477609236
39 47 0.3316171316279487
39 48 0.3375779734564973
39 49 0.3436450378813326
40 0 0.4563287543317119
40 1 0.43250529484668293
40 2 0.4207246339628209
40 3 0.4109416211495215
40 4 0.4021964190610706
40 5 0.3941156893512226
40 6 0.3865071428718117
40 7 0.3792560292717972
40 8 0.3722872092006669
40 9 0.36554820183127246
40 10 0.3590005591726268
40 11 0.35261505274592997
40 12 0.3463687942485835
40 13 0.34024341670673547
40 14 0.33422387388309854
40 15 0.32829761844628463
40 16 0.3224540218874693
40 17 0.3166839541366673
40 18 0.3109794718089666
40 19 0.3053335822179829
40 20 0.29974006138732184
40 21 0.294193311264737
40 22 0.28868824584887487
40 23 0.2832201989192304
40 24 0.27778484807342335
40 25 0.27237815116039515
40 26 0.2669962921642487
40 27 0.2616356342749477
40 28 0.25629267836567815
40 29 0.25096402543919294
40 30 0.2456463418444844
40 31 0.2509640254391929
40 32 0.25629267836567815
40 33 0.26163563427494774
40 34 0.2669962921642487
40 35 0.27237815116039504
40 36 0.27778484807342335
40 37 0.2832201989192303
40 38 0.28868824584887487
40 39 0.294193311264737
40 40 0.29974006138732184
40 41 0.3053335822179828
40 42 0.3109794718089666
40 43 0.3166839541366672
40 44 0.3224540218874693
40 45 0.3282976184462847
40 46 0.3342238738830989
40 47 0.3402434167067355
40 48 0.3463687942485835
40 49 0.35261505274592997
41 0 0.45972655986841104
41 1 0.4357909931562727
41 2 0.42393880845675186
41 3 0.41409064871551354
41 4 0.40528336570704004
41 5 0.3971423143693797
41 6 0.38947451849209225
41 7 0.3821648059272741
41 8 0.3751377505858989
41 9 0.36834066157038986
41 10 0.36173492764468823
41 11 0.3552911871488729
41 12 0.348986438537952
41 13 0.34280221504287844
41 14 0.33672337969697963
41 15 0.33073730040616245
41 16 0.32483326757260156
41 17 0.3190020719365007
41 18 0.313235691384529
41 19 0.30752705374221156
41 20 0.3018698536982589
41 21 0.29625840900529943
41 22 0.29068754562055477
41 23 0.2851525044389105
41 24 0.27964886428857494
41 25 0.2741724772455466
41 26 0.26871941328845295
41 27 0.26328591199392465
41 28 0.257868339451428
41 29 0.252463148911719
41 30 0.252463148911719
41 31 0.257868339451428
41 32 0.26328591199392465
41 33 0.26871941328845295
41 34 0.2741724772455466
41 35 0.2796488642885748
41 36 0.28515250443891055
41 37 0.29068754562055477
41 38 0.2962584090052995
41 39 0.301869853698259
41 40 0.30752705374221145
41 41 0.313235691384529
41 42 0.31900207193650076
41 43 0.32483326757260156
41 44 0.33073730040616245
41 45 0.3367233796969796
41 46 0.3428022150428784
41 47 0.348986438537952
41 48 0.3552911871488729
41 49 0.3617349276446882
42 0 0.4630190141198714
42 1 0.43897314963364176
42 2 0.42704984295647114
42 3 0.41713668883083693
42 4 0.40826733578650737
42 5 0.40006587247060094
42 6 0.3923386553238877
42 7 0.3849701012076368
42 8 0.37788450348926156
42 9 0.3710289646870265
42 10 0.36436471205122933
42 11 0.3578622512368831
42 12 0.35149846701547466
42 13 0.3452547916199643
42 14 0.3391159954920959
42 15 0.33306935930892634
42 16 0.3271040893367414
42 17 0.32121089349764825
42 18 0.3153816667202374
42 19 0.3096092524740312
42 20 0.30388725855363236
42 21 0.2982099121965415
42 22 0.2925719441505551
42 23 0.28696849430280624
42 24 0.28139503350366163
42 25 0.2758472976051289
42 26 0.27032123069666186
42 27 0.26481293519549454
42 28 0.25931862692037827
42 29 0.25383459360302496
42 30 0.25931862692037816
42 31 0.2648129351954945
42 32 0.27032123069666186
42 33 0.2758472976051289
42 34 0.28139503350366163
42 35 0.2869684943028062
42 36 0.2925719441505551
42 37 0.2982099121965415
42 38 0.3038872585536321
42 39 0.30960925247403115
42 40 0.3153816667202374
42 41 0.32121089349764825
42 42 0.32710408933674134
42 43 0.33306935930892656
42 44 0.3391159954920958
42 45 0.34525479161996403
42 46 0.35149846701547466
42 47 0.3578622512368831
42 48 0.36436471205122933
42 49 0.37102896468702656
43 0 0.46620721844881347
43 1 0.4420527802090965
43 2 0.430058693352556
43 3 0.4200806401632745
43 4 0.41114917125142286
43 5 0.40288714839827694
43 6 0.3951002798058104
43 7 0.38767258170739993
43 8 0.3805280727509478
43 9 0.3736136520171728
43 10 0.36689038664331286
43 11 0.3603286497591548
43 12 0.35390521165972016
43 13 0.34760140200134776
43 14 0.34140189636449114
43 15 0.33529388528432813
43 16 0.32926648735008346
43 17 0.32331032348684
43 18 0.31741720081837005
43 19 0.31157987289504485
43 20 0.30579185427105754
43 21 0.3000472744535995
43 22 0.29434076079034166
43 23 0.2886673428639525
43 24 0.2830223729857796
43 25 0.2774014587662922
43 26 0.27180040469944694
43 27 0.2662151603658499
43 28 0.2606417733216144
43 29 0.2606417733216143
43 30 0.2662151603658497
43 31 0.27180040469944694
43 32 0.2774014587662922
43 33 0.2830223729857796
43 34 0.2886673428639525
43 35 0.29434076079034166
43 36 0.3000472744535994
43 37 0.3057918542710575
43 38 0.31157987289504485
43 39 0.31741720081837005
43 40 0.32331032348683975
43 41 0.32926648735008346
43 42 0.33529388528432824
43 43 0.34140189636449114
43 44 0.34760140200134776
43 45 0.3539052116597199
43 46 0.36032864975915474
43 47 0.36689038664331286
43 48 0.3736136520171729
43 49 0.3805280727509478
44 0 0.4692921288006247
44 1 0.44503075813545284
44 2 0.43296617296217854
44 3 0.4229232583594103
44 4 0.413929570214982
44 5 0.40560678192906724
44 6 0.3977599719916663
44 7 0.39027276593033866
44 8 0.38306891311830293
44 9 0.3760951119898222
44 10 0.36931227061668714
44 11 0.3626906293991688
44 12 0.35620684297727323
44 13 0.34984213643620304
44 14 0.3435810877708867
44 15 0.3374107939599043
44 16 0.33132028181607437
44 17 0.3253000804635022
44 18 0.31934190367056897
44 19 0.31343840870873424
44 20 0.3075830096395917
44 21 0.30176972998996804
44 22 0.2959930843291433
44 23 0.2902479812696521
44 24 0.28452964243724826
44 25 0.2788335333385086
44 26 0.2731553030082187
44 27 0.2674907299770752
44 28 0.26183567254905316
44 29 0.26749072997707524
44 30 0.2731553030082187
44 31 0.2788335333385086
44 32 0.2845296424372482
44 33 0.29024798126965196
44 34 0.2959930843291433
44 35 0.30176972998996776
44 36 0.3075830096395917
44 37 0.3134384087087339
44 38 0.31934190367056897
44 39 0.32530008046350206
44 40 0.33132028181607437
44 41 0.3374107939599042
44 42 0.34358108777088636
44 43 0.34984213643620304
44 44 0.3562068429772732
44 45 0.3626906293991688
44 46 0.36931227061668714
44 47 0.3760951119898222
44 48 0.38306891311830293
44 49 0.3902727659303383
45 0 0.47227456190122064
45 1 0.4479078197477978
45 2 0.435772957977372
45 3 0.42566516118907816
45 4 0.4166090917866604
45 5 0.40822527238637657
45 6 0.4003181697254366
45 7 0.392771028104888
45 8 0.38550733267640014
45 9 0.3784735836431005
45 10 0.3716305306791102
45 11 0.3649482808534842
45 12 0.35840337154715485
45 13 0.3519769208167176
45 14 0.3456534058377055
45 15 0.3394198260513312
45 16 0.33326511176146184
45 17 0.32717969477468
45 18 0.32115518914715907
45 19 0.315184148595027
45 20 0.3092598783879979
45 21 0.3033762866209034
45 22 0.2975277643212134
45 23 0.2917090868613955
45 24 0.2859153311681037
45 25 0.28014180459819604
45 26 0.27438398229655825
45 27 0.2686374504960802
45 28 0.26863745049608034
45 29 0.27438398229655825
45 30 0.28014180459819593
45 31 0.2859153311681037
45 32 0.29170908686139546
45 33 0.2975277643212133
45 34 0.3033762866209034
45 35 0.30925987838799784
45 36 0.31518414859502664
45 37 0.32115518914715907
45 38 0.32717969477468
45 39 0.33326511176146184
45 40 0.3394198260513311
45 41 0.3456534058377055
45 42 0.35197692081671744
45 43 0.3584033715471548
45 44 0.3649482808534842
45 45 0.3716305306791103
45 46 0.37847358364310063
45 47 0.38550733267640014
45 48 0.3927710281048879
45 49 0.40031816972543627
46 0 0.4751552004538401
46 1 0.45068456924102973
46 2 0.4384795919296482
46 3 0.42830683269966147
46 4 0.41918815990681
46 5 0.4107429821394471
46 6 0.4027751717842415
46 7 0.39516760094588127
46 8 0.38784349519887484
46 9 0.38074915852965596
46 10 0.373845182470247
46 11 0.3671015397199117
46 12 0.36049464832397227
46 13 0.35400551633467214
46 14 0.3476185162999084
46 15 0.34132054550108604
46 16 0.3351004322790208
46 17 0.3289485047902262
46 18 0.3228562700943421
46 19 0.31681617001638884
46 20 0.3108213915193242
46 21 0.30486571641300636
46 22 0.29894339979657386
46 23 0.29304906964347915
46 24 0.28717764195824025
46 25 0.2813242473042159
46 26 0.2754841654341183
46 27 0.2696527653824481
46 28 0.2754841654341183
46 29 0.2813242473042159
46 30 0.2871776419582402
46 31 0.29304906964347915
46 32 0.29894339979657386
46 33 0.3048657164130064
46 34 0.3108213915193242
46 35 0.31681617001638857
46 36 0.3228562700943421
46 37 0.32894850479022636
46 38 0.33510043227902087
46 39 0.34132054550108604
46 40 0.3476185162999084
46 41 0.35400551633467214
46 42 0.36049464832397204
46 43 0.3671015397199117
46 44 0.37384518247024706
46 45 0.38074915852965574
46 46 0.38784349519887484
46 47 0.39516760094588127
46 48 0.4027751717842415
46 49 0.41074298213944654
47 0 0.4779345974137832
47 1 0.45336148253875025
47 2 0.44108648924054156
47 3 0.4308486264459042
47 4 0.4216670662422403
47 5 0.4131601391450192
47 6 0.4051311400413275
47 7 0.3974625774092267
47 8 0.3900774214596166
47 9 0.3829217815450456
47 10 0.37595609086017473
47 11 0.36915018621236856
47 12 0.3624803637069822
47 13 0.3559275178328848
47 14 0.34947591205158224
47 15 0.34311233613146774
47 16 0.3368255101703002
47 17 0.33060565140351644
47 18 0.3244441515382177
47 19 0.3183333309428968
47 20 0.31226624734133857
47 21 0.30623654376353177
47 22 0.3002383250826998
47 23 0.29426605547882395
47 24 0.28831447118248166
47 25 0.2823785042113886
47 26 0.2764532137269125
47 27 0.2764532137269127
47 28 0.2823785042113886
47 29 0.2883144711824816
47 30 0.294266055478824
47 31 0.3002383250826998
47 32 0.30623654376353177
47 33 0.31226624734133857
47 34 0.3183333309428968
47 35 0.3244441515382177
47 36 0.3306056514035164
47 37 0.33682551017030016
47 38 0.34311233613146774
47 39 0.34947591205158224
47 40 0.3559275178328848
47 41 0.3624803637069821
47 42 0.36915018621236856
47 43 0.37595609086017473
47 44 0.38292178154504514
47 45 0.3900774214596166
47 46 0.3974625774092267
47 47 0.4051311400413275
47 48 0.4131601391450192
47 49 0.42166706624224004
48 0 0.4806131794046847
48 1 0.4559389103119152
48 2 0.44359393791244944
48 3 0.43329076784542325
48 4 0.4240459721885986
48 5 0.41547683857252865
48 6 0.4073861006846737
48 7 0.39965591146919127
48 8 0.3922089895281887
48 9 0.3849912506943739
48 10 0.3779629691330055
48 11 0.3710938436987995
48 12 0.36436004535981964
48 13 0.35774235082270595
48 14 0.35122490926355054
48 15 0.34479439674853013
48 16 0.3384394179027998
48 17 0.3321500706856505
48 18 0.3259176218519178
48 19 0.3197342593144122
48 20 0.31359289896460757
48 21 0.3074870306246667
48 22 0.30141059238289675
48 23 0.2953578655718351
48 24 0.28932338465125684
48 25 0.28330185760013044
48 26 0.2772880933117735
48 27 0.28330185760013044
48 28 0.28932338465125684
48 29 0.2953578655718351
48 30 0.3014105923828967
48 31 0.30748703062466654
48 32 0.31359289896460757
48 33 0.31973425931441213
48 34 0.3259176218519178
48 35 0.33215007068565017
48 36 0.3384394179027997
48 37 0.34479439674852996
48 38 0.35122490926355054
48 39 0.35774235082270595
48 40 0.3643600453598196
48 41 0.3710938436987995
48 42 0.3779629691330054
48 43 0.3849912506943739
48 44 0.3922089895281887
48 45 0.3996559114691912
48 46 0.4073861006846737
48 47 0.41547683857252865
48 48 0.42404597218859846
48 49 0.43329076784542325
49 0 0.48319124932620205
49 1 0.45841708019206967
49 2 0.44600210140044877
49 3 0.43563335569618783
49 4 0.4263249100110051
49 5 0.41769304353900144
49 6 0.4095399445114785
49 7 0.4017474179317904
49 8 0.39423793405490526
49 9 0.3869572157943877
49 10 0.37986537704276907
49 11 0.37293197603767503
49 12 0.3661330547427909
49 13 0.3594492671135239
49 14 0.3528646419951919
49 15 0.34636573460180586
49 16 0.33994102575985047
49 17 0.33358048453956085
49 18 0.3272752416938399
49 19 0.32101734000116133
49 20 0.31479953897252955
49 21 0.30861515850704757
49 22 0.3024579506589302
49 23 0.29632199167766776
49 24 0.2902015884704734
49 25 0.2840911949537978
49 26 0.2840911949537978
49 27 0.2902015884704734
49 28 0.29632199167766776
49 29 0.3024579506589302
49 30 0.30861515850704746
49 31 0.31479953897252955
49 32 0.3210173400011612
49 33 0.3272752416938399
49 34 0.3335804845395609
49 35 0.3399410257598504
49 36 0.34636573460180586
49 37 0.35286464199519185
49 38 0.3594492671135239
49 39 0.3661330547427909
49 40 0.3729319760376747
49 41 0.37986537704276907
49 42 0.3869572157943874
49 43 0.39423793405490526
49 44 0.4017474179317904
49 45 0.4095399445114785
49 46 0.41769304353900144
49 47 0.4263249100110051
49 48 0.4356333556961878
49 49 0.4460021014004485
