0 0 0.7536267138344672
0 1 0.7674122513024898
0 2 0.7730236948771169
0 3 0.777261550217653
0 4 0.7807768316087128
0 5 0.7838229567539973
0 6 0.7865304835996403
0 7 0.7889772984133415
0 8 0.7912143498652318
0 9 0.7932771579895919
0 10 0.7951916732115736
0 11 0.7969775472906622
0 12 0.7986500906700333
0 13 0.8002215091340757
0 14 0.8017017200575753
0 15 0.8030989109222831
0 16 0.8044199331953619
0 17 0.8056705873297846
0 18 0.8068558335975597
0 19 0.8079799510896211
0 20 0.809046659670609
0 21 0.8100592149295909
0 22 0.8110204830975657
0 23 0.8119330008677264
0 24 0.8127990236760498
0 25 0.8136205650475375
0 26 0.814399428943867
0 27 0.8151372365697269
0 28 0.8158354487481909
0 29 0.8164953847204607
0 30 0.8171182380355854
0 31 0.8177050900529342
0 32 0.8182569214715621
0 33 0.8187746222171393
0 34 0.8192589999523869
0 35 0.819710787426342
0 36 0.8201306488378376
0 37 0.8205191853568525
0 38 0.8208769399219547
0 39 0.8212044014115626
0 40 0.8215020082700819
0 41 0.8217701516563115
0 42 0.8220091781703052
0 43 0.8222193922054798
0 44 0.8224010579649684
0 45 0.8225544011745803
0 46 0.8226796105190858
0 47 0.8227768388236616
0 48 0.8228462039980782
0 49 0.82288778975741
1 0 0.7871322949671693
1 1 0.8041454026060215
1 2 0.8109898765741279
1 3 0.8161316963745441
1 4 0.820380087206218
1 5 0.8240497443698278
1 6 0.8273026471931834
1 7 0.830235342060062
1 8 0.832910930288455
1 9 0.8353733679596201
1 10 0.8376547427560308
1 11 0.8397793348027366
1 12 0.8417660457348656
1 13 0.8436299327880447
1 14 0.8453832209748844
1 15 0.8470359953987012
1 16 0.8485966893027942
1 17 0.8500724370767357
1 18 0.8514693352994697
1 19 0.8527926395309097
1 20 0.8540469151966156
1 21 0.8552361550182392
1 22 0.8563638716327073
1 23 0.8574331715186155
1 24 0.8584468146386023
1 25 0.8594072630255944
1 26 0.8603167207106474
1 27 0.8611771667969972
1 28 0.8619903830549632
1 29 0.8627579770963553
1 30 0.8634814019519897
1 31 0.8641619726990052
1 32 0.8648008806501281
1 33 0.8653992055136773
1 34 0.8659579258529805
1 35 0.866477928111185
1 36 0.8669600144180294
1 37 0.8674049093558612
1 38 0.8678132658307062
1 39 0.868185670168815
1 40 0.8685226465384716
1 41 0.8688246607799389
1 42 0.8690921237124805
1 43 0.8693253939757918
1 44 0.8695247804534465
1 45 0.8696905443177203
1 46 0.8698229007280962
1 47 0.8699220202096533
1 48 0.8699880297321604
1 49 0.8700210135059014
2 0 0.8001521579205793
2 1 0.8184596581290904
2 2 0.8257961969506176
2 3 0.8312975906325147
2 4 0.8358367087540737
2 5 0.8397528996991298
2 6 0.8432207850172141
2 7 0.8463444190732388
2 8 0.8491917927516197
2 9 0.8518102560887428
2 10 0.8542343655498483
2 11 0.8564902626940352
2 12 0.85859829305226
2 13 0.8605746599045476
2 14 0.8624325153003749
2 15 0.8641827062156103
2 16 0.8658343004987982
2 17 0.86739496724469
2 18 0.8688712580423066
2 19 0.8702688189732611
2 20 0.871592553136006
2 21 0.8728467471191984
2 22 0.8740351707400373
2 23 0.8751611566419227
2 24 0.87622766450274
2 25 0.8772373333321865
2 26 0.8781925244417518
2 27 0.8790953570317106
2 28 0.8799477378760767
2 29 0.8807513862459502
2 30 0.8815078549583674
2 31 0.8822185482471289
2 32 0.8828847370071122
2 33 0.8835075718521869
2 34 0.8840880943405108
2 35 0.8846272466534527
2 36 0.8851258799611044
2 37 0.885584761665024
2 38 0.8860045816749078
2 39 0.8863859578485092
2 40 0.8867294407018628
2 41 0.8870355174786093
2 42 0.8873046156521577
2 43 0.8875371059218473
2 44 0.8877333047537517
2 45 0.8878934765077712
2 46 0.8880178351850011
2 47 0.8881065458226478
2 48 0.8881597255578476
2 49 0.8881774443764398
3 0 0.8097295669671764
3 1 0.8290127158711309
3 2 0.8367188889812024
3 3 0.8424897870540725
3 4 0.8472463518245982
3 5 0.8513465537489207
3 6 0.8549745641202819
3 7 0.858240108707142
3 8 0.8612148717618673
3 9 0.8639487667823542
3 10 0.8664782146944282
3 11 0.8688307626059948
3 12 0.871027846074889
3 13 0.8730865333039521
3 14 0.8750206757253142
3 15 0.876841694834371
3 16 0.8785591367660781
3 17 0.8801810733431701
3 18 0.8817143985875492
3 19 0.8831650522053687
3 20 0.884538190902639
3 21 0.885838321687715
3 22 0.8870694069848761
3 23 0.888234948512849
3 24 0.8893380549383584
3 25 0.8903814969723616
3 26 0.8913677526329977
3 27 0.8922990447251598
3 28 0.8931773720979215
3 29 0.8940045358819781
3 30 0.8947821616421574
3 31 0.8955117181790255
3 32 0.8961945335607648
3 33 0.8968318088490281
3 34 0.8974246298914453
3 35 0.897973977482228
3 36 0.8984807361361278
3 37 0.8989457016763427
3 38 0.8993695878011659
3 39 0.8997530317652587
3 40 0.9000965992879137
3 41 0.9004007887813792
3 42 0.900666034976358
3 43 0.9008927120084922
3 44 0.9010811360184405
3 45 0.9012315673085916
3 46 0.9013442120912522
3 47 0.9014192238559392
3 48 0.9014567043769994
3 49 0.9014567043769994
4 0 0.8174960785019858
4 1 0.8375895376377707
4 2 0.845601724712452
4 3 0.8515952707300102
4 4 0.8565311206902066
4 5 0.8607827420698267
4 6 0.8645422534547461
4 7 0.8679241003016984
4 8 0.8710030403178872
4 9 0.8738311200294625
4 10 0.8764463115705365
4 11 0.8788773312485971
4 12 0.8811465211494683
4 13 0.8832716685845412
4 14 0.8852672062488929
4 15 0.8871450329100106
4 16 0.8889150918120744
4 17 0.8905857889307283
4 18 0.8921643021867939
4 19 0.893656814490082
4 20 0.8950686923699279
4 21 0.8964046249590323
4 22 0.8976687335778988
4 23 0.8988646591729491
4 24 0.899995632833731
4 25 0.9010645332144004
4 26 0.9020739337003396
4 27 0.9030261414576307
4 28 0.903923229993426
4 29 0.9047670664806983
4 30 0.9055593348222838
4 31 0.9063015552194553
4 32 0.9069951008508156
4 33 0.9076412121448034
4 34 0.9082410090341173
4 35 0.9087955015060719
4 36 0.9093055987042679
4 37 0.9097721167903429
4 38 0.9101957857371992
4 39 0.9105772551949038
4 40 0.910917099545876
4 41 0.9112158222457866
4 42 0.911473859529887
4 43 0.9116915835505073
4 44 0.9118693049996811
4 45 0.9120072752607697
4 46 0.9121056881242304
4 47 0.9121646810950133
4 48 0.9121843363121707
4 49 0.9121646810950133
5 0 0.8240868018994971
5 1 0.844884662070389
5 2 0.8531620335319244
5 3 0.8593481207676029
5 4 0.8644387093488128
5 5 0.8688207642610898
5 6 0.8726933260514631
5 7 0.8761749508760681
5 8 0.8793430731916267
5 9 0.8822515970711393
5 10 0.884939845341956
5 11 0.8874375521923077
5 12 0.8897678487241877
5 13 0.8919491479494783
5 14 0.8939963881300139
5 15 0.8959218829558591
5 16 0.8977359207049194
5 17 0.899447197484963
5 18 0.9010631375107152
5 19 0.9025901344723538
5 20 0.9040337365358277
5 21 0.9053987902731132
5 22 0.9066895541382515
5 23 0.9079097890028555
5 24 0.9090628311640954
5 25 0.9101516517875181
5 26 0.9111789057273114
5 27 0.9121469719382173
5 28 0.9130579871652612
5 29 0.9139138742094767
5 30 0.9147163657792003
5 31 0.9154670247193044
5 32 0.9161672612455464
5 33 0.916818347684309
5 34 0.9174214311195775
5 35 0.9179775442720247
5 36 0.9184876148742951
5 37 0.9189524737582666
5 38 0.9193728618312913
5 39 0.9197494360870927
5 40 0.9200827747714537
5 41 0.9203733818018457
5 42 0.9206216905227471
5 43 0.920828066863812
5 44 0.9209928119557129
5 45 0.9211161642478998
5 46 0.9211983011632803
5 47 0.9212393403166979
5 48 0.9212393403166983
5 49 0.9211983011632803
6 0 0.8298289383547861
6 1 0.851255771343943
6 2 0.8597691897997441
6 3 0.8661263057665698
6 4 0.8713540730383975
6 5 0.8758515317919963
6 6 0.8798239151592143
6 7 0.8833934567607707
6 8 0.8866399855601018
6 9 0.889619067155012
6 10 0.8923712323616737
6 11 0.8949271255319292
6 12 0.8973105831077084
6 13 0.8995405772640165
6 14 0.9016324978842251
6 15 0.90359902912273
6 16 0.9054507671340366
6 17 0.9071966667231258
6 18 0.9088443715197774
6 19 0.9104004627935554
6 20 0.9118706501511598
6 21 0.9132599198898178
6 22 0.9145726519523061
6 23 0.9158127132304543
6 24 0.9169835327979733
6 25 0.9180881631576617
6 26 0.9191293305366331
6 27 0.920109476512154
6 28 0.9210307927062384
6 29 0.9218952498871268
6 30 0.9227046225181836
6 31 0.9234605095708016
6 32 0.9241643522475659
6 33 0.9248174491310626
6 34 0.9254209691722218
6 35 0.9259759628526733
6 36 0.9264833717928935
6 37 0.9269440370280672
6 38 0.92735870613354
6 39 0.9277280393493845
6 40 0.9280526148271745
6 41 0.9283329331003423
6 42 0.9285694208614348
6 43 0.9287624341144135
6 44 0.9289122607572794
6 45 0.9290191226391831
6 46 0.9290831771264979
6 47 0.9291045182036309
6 48 0.929083177126498
6 49 0.9290191226391831
7 0 0.8349176845649954
7 1 0.8569161688403909
7 2 0.865643443586492
7 3 0.872155182355276
7 4 0.8775067200332071
7 5 0.8821080925056924
7 6 0.8861701718997212
7 7 0.8898185404560258
7 8 0.8931352073864212
7 9 0.896177250984671
7 10 0.8989863016854484
7 11 0.9015938321810899
7 12 0.9040243206700391
7 13 0.9062972479085012
7 14 0.9084284143701988
7 15 0.9104308408366192
7 16 0.9123154030364287
7 17 0.9140912905056142
7 18 0.9157663457736653
7 19 0.9173473199581792
7 20 0.9188400686482261
7 21 0.920249704283256
7 22 0.9215807162734099
7 23 0.9228370668204312
7 24 0.9240222681728354
7 25 0.9251394455121233
7 26 0.9261913885865483
7 27 0.9271805944372656
7 28 0.9281093030023353
7 29 0.9289795269730042
7 30 0.9297930769709737
7 31 0.9305515828852173
7 32 0.9312565120319173
7 33 0.9319091846665797
7 34 0.9325107872730909
7 35 0.9330623839728425
7 36 0.9335649263325936
7 37 0.9340192617984351
7 38 0.9344261409420396
7 39 0.934786223672017
7 40 0.9351000845359845
7 41 0.9353682172165008
7 42 0.9355910383053417
7 43 0.9357688904248458
7 44 0.9359020447516424
7 45 0.9359907029864671
7 46 0.9360349988035026
7 47 0.9360349988035026
7 48 0.9359907029864671
7 49 0.9359020447516424
8 0 0.8394807268659453
8 1 0.8620053369392832
8 2 0.8709288031986391
8 3 0.8775820859721026
8 4 0.8830466907756721
8 5 0.8877427930560914
8 6 0.8918864648583128
8 7 0.8956063761999379
8 8 0.8989865465675364
8 9 0.9020854488619912
8 10 0.9049457271287913
8 11 0.9075996174416614
8 12 0.9100721892565952
8 13 0.9123833917178396
8 14 0.9145494032652952
8 15 0.9165835543830626
8 16 0.9184969778331196
8 17 0.9202990787744048
8 18 0.92199788225836
8 19 0.9236002950738862
8 20 0.9251123064110276
8 21 0.9265391439495585
8 22 0.9278853968952709
8 23 0.9291551141189573
8 24 0.930351883272668
8 25 0.9314788951830438
8 26 0.9325389967146254
8 27 0.9335347345053392
8 28 0.9344683914032048
8 29 0.9353420170121586
8 30 0.9361574534415774
8 31 0.9369163571183072
8 32 0.9376202173406277
8 33 0.9382703721157495
8 34 0.9388680217155431
8 35 0.9394142403014701
8 36 0.9399099859036198
8 37 0.9403561089860893
8 38 0.9407533597886742
8 39 0.9411023946005501
8 40 0.9414037810936391
8 41 0.9416580028201784
8 42 0.9418654629597438
8 43 0.9420264873846318
8 44 0.9421413270985534
8 45 0.9422101600913992
8 46 0.9422330926420538
8 47 0.9422101600913992
8 48 0.9421413270985534
8 49 0.9420264873846318
9 0 0.8436070847161236
9 1 0.8666204867018064
9 2 0.8757256225754427
9 3 0.882509680875816
9 4 0.8880785277468033
9 5 0.8928617771410682
9 6 0.8970803414644017
9 7 0.9008657648883615
9 8 0.9043039379505227
9 9 0.9074546314134713
9 10 0.9103614324512477
9 11 0.9130572872663849
9 12 0.9155678151548869
9 13 0.9179134006648781
9 14 0.9201105734105852
9 15 0.9221729514484007
9 16 0.9241119060269891
9 17 0.9259370421864614
9 18 0.9276565539877347
9 19 0.9292774921740888
9 20 0.9308059692825377
9 21 0.9322473191830153
9 22 0.9336062228259481
9 23 0.9348868085355002
9 24 0.936092732854217
9 25 0.9372272463347581
9 26 0.9382932475426844
9 27 0.9392933277258906
9 28 0.9402298080202363
9 29 0.9411047706303581
9 30 0.9419200851043044
9 31 0.9426774305795359
9 32 0.943378314694424
9 33 0.9440240897184166
9 34 0.9446159663446996
9 35 0.9451550255035102
9 36 0.9456422284866621
9 37 0.9460784256198845
9 38 0.946464363676273
9 39 0.9468006921889902
9 40 0.9470879687925591
9 41 0.947326663698288
9 42 0.9475171633894176
9 43 0.9476597736046853
9 44 0.9477547216644284
9 45 0.9478021581805962
9 46 0.9478021581805962
9 47 0.9477547216644284
9 48 0.9476597736046853
9 49 0.9475171633894179
10 0 0.8473617944490016
10 1 0.8708326165152998
10 2 0.8801071872367735
10 3 0.8870129336481766
10 4 0.8926785640067447
10 5 0.8975425426023125
10 6 0.9018303205230956
10 7 0.9056761368394399
10 8 0.909167636295019
10 9 0.9123658063003389
10 10 0.9153151179721378
10 11 0.9180491829054854
10 12 0.9205941354239783
10 13 0.922970767737235
10 14 0.925195938081218
10 15 0.9272835334374149
10 16 0.9292451478948822
10 17 0.931090573075824
10 18 0.9328281606155776
10 19 0.9344650952764938
10 20 0.9360076042275007
10 21 0.9374611198160324
10 22 0.9388304078546266
10 23 0.9401196699303833
10 24 0.9413326258659972
10 25 0.9424725808179194
10 26 0.9435424803422474
10 27 0.9445449559339258
10 28 0.9454823629467695
10 29 0.9463568123623745
10 30 0.9471701975490431
10 31 0.9479242169057676
10 32 0.9486203930990847
10 33 0.9492600894567271
10 34 0.9498445239703233
10 35 0.9503747812719208
10 36 0.9508518228800028
10 37 0.951276495955534
10 38 0.9516495407642274
10 39 0.9519715970052136
10 40 0.9522432091367402
10 41 0.95246483080502
10 42 0.9526368284617845
10 43 0.9527594842385464
10 44 0.9528329981304013
10 45 0.952857489528775
10 46 0.9528329981304013
10 47 0.9527594842385465
10 48 0.9526368284617845
10 49 0.95246483080502
11 0 0.8507941068331408
11 1 0.8746954756918015
11 2 0.8841289717231371
11 3 0.8911485866213612
11 4 0.8969045722107866
11 5 0.9018437401371835
11 6 0.9061958221681472
11 7 0.9100975989500637
11 8 0.9136383694723742
11 9 0.9168802682966843
11 10 0.9198685998170316
11 11 0.9226376027067988
11 12 0.925213896484128
11 13 0.9276186572278265
11 14 0.9298690524360795
11 15 0.9319792219902199
11 16 0.9339609693550206
11 17 0.9358242612713904
11 18 0.9375775970734438
11 19 0.9392282869427986
11 20 0.9407826651168748
11 21 0.9422462557067658
11 22 0.9436239033749783
11 23 0.944919877542432
11 24 0.9461379563693965
11 25 0.9472814950806615
11 26 0.9483534820283475
11 27 0.9493565850450377
11 28 0.9502931900304918
11 29 0.9511654332673721
11 30 0.9519752286282351
11 31 0.9527242905852453
11 32 0.9534141537432326
11 33 0.9540461894700341
11 34 0.9546216200841808
11 35 0.9551415309707892
11 36 0.9556068809259599
11 37 0.9560185109737166
11 38 0.9563771518541652
11 39 0.9566834303446852
11 40 0.9569378745456657
11 41 0.9571409182370784
11 42 0.9572929043909213
11 43 0.9573940879063946
11 44 0.9574446376187681
11 45 0.9574446376187681
11 46 0.9573940879063948
11 47 0.9572929043909213
11 48 0.9571409182370784
11 49 0.9569378745456661
12 0 0.8539423925342311
12 1 0.878250927430765
12 2 0.8878341780759114
12 3 0.8949608253836416
12 4 0.9008015370157094
12 5 0.9058110351435747
12 6 0.9102231081249699
12 7 0.9141769449944421
12 8 0.9177634121351325
12 9 0.921045730857804
12 10 0.9240699947805987
12 11 0.9268710363232496
12 12 0.9294759342268948
12 13 0.9319062277089792
12 14 0.9341793766438086
12 15 0.9363097598167063
12 16 0.93830937829039
12 17 0.940188363878758
12 18 0.9419553549415434
12 19 0.943617779507735
12 20 0.9451820722041826
12 21 0.9466538429566465
12 22 0.9480380099296638
12 23 0.9493389055273591
12 24 0.950560361809757
12 25 0.951705779975177
12 26 0.952778187361565
12 27 0.953780284564059
12 28 0.9547144846458395
12 29 0.9555829459635599
12 30 0.9563875997895449
12 31 0.9571301736576608
12 32 0.9578122111655061
12 33 0.9584350888162038
12 34 0.9590000303671259
12 35 0.9595081190619555
12 36 0.9599603080506098
12 37 0.9603574292440971
12 38 0.9607002008050751
12 39 0.960989233437145
12 40 0.9612250356048389
12 41 0.9614080177903
12 42 0.9615384958707055
12 43 0.961616693681541
12 44 0.9616427448142176
12 45 0.961616693681541
12 46 0.9615384958707053
12 47 0.9614080177903
12 48 0.9612250356048391
12 49 0.960989233437145
13 0 0.8568372413965301
13 1 0.881532336588853
13 2 0.8912572342994458
13 3 0.8984848586196537
13 4 0.904405301087112
13 5 0.9094808101451394
13 6 0.9139490336052152
13 7 0.9179514517026539
13 8 0.9215804217773294
13 9 0.9249001987119625
13 10 0.9279576265466329
13 11 0.9307881020705405
13 12 0.9334191403401051
13 13 0.9358726254085711
13 14 0.9381662945998565
13 15 0.9403147532135696
13 16 0.9423301894659595
13 17 0.9442228913169545
13 18 0.9460016284257992
13 19 0.9476739399045192
13 20 0.9492463547830025
13 21 0.9507245634494994
13 22 0.9521135527384958
13 23 0.9534177136333986
13 24 0.9546409280430921
13 25 0.9557866393792933
13 26 0.9568579104440847
13 27 0.9578574712672847
13 28 0.958787758902805
13 29 0.9596509507297996
13 30 0.9604489924596631
13 31 0.9611836217903668
13 32 0.9618563884520822
13 33 0.9624686712361151
13 34 0.9630216924811987
13 35 0.9635165303986519
13 36 0.9639541295446634
13 37 0.9643353096894163
13 38 0.964660773285466
13 39 0.9649311116991943
13 40 0.9651468103372701
13 41 0.9653082527733307
13 42 0.9654157239573526
13 43 0.9654694125704666
13 44 0.9654694125704666
13 45 0.9654157239573526
13 46 0.9653082527733307
13 47 0.9651468103372701
13 48 0.9649311116991943
13 49 0.964660773285466
14 0 0.8595035081070013
14 1 0.884566805392971
14 2 0.8944261030043179
14 3 0.9017492803738427
14 4 0.9077449709630032
14 5 0.9128826078329002
14 6 0.9174035229490746
14 7 0.9214513835218595
14 8 0.9251199698463184
14 9 0.9284745230498199
14 10 0.9315626030424
14 11 0.9344201448055105
14 12 0.9370750792801856
14 13 0.939549619013763
14 14 0.9418617654345729
14 15 0.9440263392611753
14 16 0.9460557064916828
14 17 0.947960303203306
14 18 0.9497490233870741
14 19 0.9514295111183184
14 20 0.9530083843942392
14 21 0.9544914091854806
14 22 0.955883636569879
14 23 0.9571895120545262
14 24 0.958412963644947
14 25 0.959557473461123
14 26 0.9606261364636639
14 27 0.9616217089701604
14 28 0.9625466490013972
14 29 0.9634031500265636
14 30 0.9641931693263956
14 31 0.9649184519295364
14 32 0.9655805508766988
14 33 0.9661808444128209
14 34 0.9667205505874709
14 35 0.9672007396496259
14 36 0.9676223445484039
14 37 0.9679861697916263
14 38 0.9682928988658426
14 39 0.9685431003819412
14 40 0.9687372330777352
14 41 0.9688756497813671
14 42 0.9689586004157873
14 43 0.9689862341039371
14 44 0.9689586004157873
14 45 0.9688756497813669
14 46 0.9687372330777352
14 47 0.9685431003819412
14 48 0.9682928988658426
14 49 0.9679861697916263
15 0 0.861961711936154
15 1 0.8873767029736833
15 2 0.8973638607529147
15 3 0.9047776860211995
15 4 0.9108445628068134
15 5 0.9160408022146337
15 6 0.9206112630449431
15 7 0.9247017059282543
15 8 0.928407273056237
15 9 0.9317941492868232
15 10 0.9349105793434113
15 11 0.9377930128522796
15 12 0.9404697782426334
15 13 0.9429634018230422
15 14 0.9452921370765762
15 15 0.9474710101040642
15 16 0.9495125561893213
15 17 0.9514273522292017
15 18 0.9532244101940122
15 19 0.954911473523363
15 20 0.9564952441885246
15 21 0.9579815592392283
15 22 0.9593755298909373
15 23 0.9606816523914758
15 24 0.9619038973212315
15 25 0.9630457821963557
15 26 0.9641104309897779
15 27 0.9651006232886455
15 28 0.9660188351570221
15 29 0.9668672732951719
15 30 0.9676479037313741
15 31 0.9683624760146007
15 32 0.9690125436726438
15 33 0.9695994815435053
15 34 0.9701245004660044
15 35 0.9705886597198838
15 36 0.9709928775298273
15 37 0.9713379398869914
15 38 0.9716245078923846
15 39 0.9718531237860009
15 40 0.9720242157919653
15 41 0.9721381018815132
15 42 0.9721949925310707
15 43 0.9721949925310707
15 44 0.9721381018815136
15 45 0.9720242157919653
15 46 0.9718531237860009
15 47 0.9716245078923846
15 48 0.9713379398869914
15 49 0.9709928775298274
16 0 0.8642290238667564
16 1 0.8899807438535051
16 2 0.9000898116124206
16 3 0.9075898116029518
16 4 0.9137241627091061
16 5 0.9189757767952763
16 6 0.9235928971878657
16 7 0.9277232932894571
16 8 0.931463413923105
16 9 0.9348803491777997
16 10 0.9380230004474134
16 11 0.9409283106460876
16 12 0.9436249889874296
16 13 0.9461358621453393
16 14 0.9484794246827287
16 15 0.9506708989223895
16 16 0.9527229816604922
16 17 0.9546463839174145
16 18 0.9564502297942099
16 19 0.9581423569199587
16 20 0.9597295466047074
16 21 0.9612177027760491
16 22 0.9626119929356097
16 23 0.9639169605017103
16 24 0.965136615283932
16 25 0.9662745070258272
16 26 0.967333785679956
16 27 0.9683172511707877
16 28 0.9692273947421671
16 29 0.9700664335018468
16 30 0.9708363394151951
16 31 0.9715388637287631
16 32 0.9721755575976966
16 33 0.9727477895318778
16 34 0.9732567601519563
16 35 0.9737035146492059
16 36 0.9740889532659815
16 37 0.9744138400515808
16 38 0.9746788100980172
16 39 0.9748843754187804
16 40 0.9750309295990562
16 41 0.9751187513164148
16 42 0.9751480068053751
16 43 0.9751187513164148
16 44 0.9750309295990562
16 45 0.9748843754187804
16 46 0.9746788100980169
16 47 0.974413840051581
16 48 0.9740889532659817
16 49 0.9737035146492062
17 0 0.8663199808550134
17 1 0.8923947681895029
17 2 0.9026202927225487
17 3 0.910202358015674
17 4 0.9164007660191592
17 5 0.921704776820957
17 6 0.9263658886463503
17 7 0.9305338025446439
17 8 0.9343062235964331
17 9 0.9377511120100233
17 10 0.9409180001638889
17 11 0.9438443047484412
17 12 0.9465591004821098
17 13 0.9490855021312933
17 14 0.9514422352647688
17 15 0.953644709999628
17 16 0.955705777473223
17 17 0.9576362766322644
17 18 0.9594454382757024
17 19 0.9611411893946492
17 20 0.9627303862930202
17 21 0.964218995817111
17 22 0.9656122381036942
17 23 0.9669147003353494
17 24 0.9681304283367473
17 25 0.969263001012276
17 26 0.9703155913366043
17 27 0.97129101668911
17 28 0.9721917806555666
17 29 0.97302010792978
17 30 0.9737779735826841
17 31 0.9744671276912391
17 32 0.9750891161099273
17 33 0.9756452980062681
17 34 0.9761368606561777
17 35 0.9765648318962854
17 36 0.9769300905517784
17 37 0.9772333750952524
17 38 0.9774752907406146
17 39 0.9776563151336126
17 40 0.9777768027648905
17 41 0.9778369882008567
17 42 0.9778369882008568
17 43 0.9777768027648905
17 44 0.977656315133613
17 45 0.9774752907406146
17 46 0.9772333750952524
17 47 0.9769300905517784
17 48 0.9765648318962854
17 49 0.9761368606561773
18 0 0.8682470142157301
18 1 0.8946323188782591
18 2 0.9049692700998958
18 3 0.9126296005647384
18 4 0.9188888980783558
18 5 0.9242425395453271
18 6 0.9289451592874179
18 7 0.9331483192948244
18 8 0.9369509347040056
18 9 0.9404218036186283
18 10 0.9436110658084648
18 11 0.9465565937983801
18 12 0.9492878137416811
18 13 0.9518281171763522
18 14 0.9541964513646782
18 15 0.9564084064076477
18 16 0.9584769811177455
18 17 0.9604131365869912
18 18 0.9622262052235849
18 19 0.9639241988381358
18 20 0.9655140446187059
18 21 0.9670017685638793
18 22 0.9683926399504514
18 23 0.9696912864423524
18 24 0.9709017867592543
18 25 0.9720277459669624
18 26 0.9730723571467779
18 27 0.9740384522687413
18 28 0.9749285444176844
18 29 0.9757448630241304
18 30 0.9764893833821249
18 31 0.9771638514573859
18 32 0.9777698047767716
18 33 0.9783085900264525
18 34 0.9787813778587802
18 35 0.9791891753075221
18 36 0.9795328361313288
18 37 0.9798130693408909
18 38 0.9800304461127127
18 39 0.9801854052487637
18 40 0.9802782573044148
18 41 0.9803091874751615
18 42 0.9802782573044148
18 43 0.9801854052487637
18 44 0.9800304461127122
18 45 0.9798130693408909
18 46 0.9795328361313288
18 47 0.9791891753075221
18 48 0.9787813778587804
18 49 0.9783085900264528
19 0 0.8700208481040357
19 1 0.8967050767116223
19 2 0.9071487878685812
19 3 0.9148838485429625
19 4 0.9212010822124385
19 5 0.9266017693951677
19 6 0.9313435710311694
19 7 0.935579844873264
19 8 0.9394106735025967
19 9 0.9429056631774989
19 10 0.9461155392632258
19 11 0.9490786135237652
19 12 0.9518246505129067
19 13 0.9543773080321954
19 14 0.9567557463733174
19 15 0.9589757283338789
19 16 0.961050394161175
19 17 0.962990821659718
19 18 0.9648064400435625
19 19 0.9665053416334034
19 20 0.9680945205808394
19 21 0.9695800584216125
19 22 0.9709672701955284
19 23 0.9722608208534352
19 24 0.9734648189513747
19 25 0.9745828927535017
19 26 0.9756182525448069
19 27 0.9765737420112214
19 28 0.9774518808605213
19 29 0.9782549003545062
19 30 0.978984773048417
19 31 0.9796432377513339
19 32 0.9802318205061689
19 33 0.9807518522220311
19 34 0.9812044834625189
19 35 0.9815906967916109
19 36 0.981911316997603
19 37 0.9821670194498803
19 38 0.9823583367894668
19 39 0.9824856641094091
19 40 0.9825492627427813
19 41 0.9825492627427815
19 42 0.9824856641094093
19 43 0.9823583367894668
19 44 0.9821670194498803
19 45 0.981911316997603
19 46 0.9815906967916109
19 47 0.9812044834625189
19 48 0.9807518522220311
19 49 0.9802318205061689
20 0 0.8716508051555226
20 1 0.8986231940945022
20 2 0.9091693127519834
20 3 0.916975797642363
20 4 0.9233481985817507
20 5 0.9287935023090352
20 6 0.9335722950001993
20 7 0.9378396697897535
20 8 0.9416968372064631
20 9 0.9452141840743579
20 10 0.9484430011138514
20 11 0.9514220238958416
20 12 0.9541813432326474
20 13 0.9567448733796994
20 14 0.9591319795486032
20 15 0.9613585903914819
20 16 0.963437981709834
20 17 0.9653813428793101
20 18 0.9671981953521787
20 19 0.9688967078391483
20 20 0.970483937684625
20 21 0.9719660184620001
20 22 0.9733483076823525
20 23 0.9746355044468267
20 24 0.9758317441216415
20 25 0.9769406752147064
20 26 0.9779655222971366
20 27 0.9789091378586345
20 28 0.9797740452936526
20 29 0.9805624747063864
20 30 0.9812763928437119
20 31 0.9819175281795046
20 32 0.982487391955945
20 33 0.9829872958193608
20 34 0.9834183665570919
20 35 0.983781558338384
20 36 0.9840776627796086
20 37 0.9843073170870846
20 38 0.9844710104755396
20 39 0.9845690890139234
20 40 0.9846017590104833
20 41 0.9845690890139234
20 42 0.9844710104755396
20 43 0.9843073170870846
20 44 0.9840776627796086
20 45 0.983781558338384
20 46 0.9834183665570919
20 47 0.9829872958193606
20 48 0.982487391955945
20 49 0.9819175281795046
21 0 0.8731450444494754
21 1 0.9003955548285527
21 2 0.9110400022270946
21 3 0.9189148042605093
21 4 0.9253397634875996
21 5 0.9308273893046899
21 6 0.9356410988208609
21 7 0.9399376643641421
21 8 0.9438193876333417
21 9 0.9473574103061337
21 10 0.950603569572419
21 11 0.9535970103885586
21 12 0.9563681384567223
21 13 0.958941115279329
21 14 0.961335503354686
21 15 0.9635673907270111
21 16 0.9656501831754034
21 17 0.9675951767485803
21 18 0.9694119807628271
21 19 0.9711088363504146
21 20 0.9726928603935614
21 21 0.974170235088058
21 22 0.9755463571805486
21 23 0.9768259568159796
21 24 0.9780131931503745
21 25 0.9791117319633067
21 26 0.9801248091540857
21 27 0.9810552830408338
21 28 0.9819056776818507
21 29 0.9826782189240754
21 30 0.9833748645001658
21 31 0.9839973292066513
21 32 0.9845471059750842
21 33 0.9850254834778607
21 34 0.9854335607774226
21 35 0.985772259422422
21 36 0.9860423333101532
21 37 0.9862443765660444
21 38 0.9863788296342254
21 39 0.9864459837252215
21 40 0.9864459837252216
21 41 0.9863788296342254
21 42 0.9862443765660444
21 43 0.9860423333101532
21 44 0.985772259422422
21 45 0.9854335607774226
21 46 0.9850254834778602
21 47 0.9845471059750842
21 48 0.9839973292066513
21 49 0.9833748645001658
22 0 0.8745107492653184
22 1 0.9020299790538555
22 2 0.9127689160560334
22 3 0.9207091018736723
22 4 0.9271841496790857
22 5 0.9327119201369817
22 6 0.9375585732163197
22 7 0.9418825079376087
22 8 0.9457870827813507
22 9 0.9493441702135001
22 10 0.9526061361939687
22 11 0.9556125215258685
22 12 0.9583940361054577
22 13 0.9609750799972748
22 14 0.9633754057629359
22 15 0.9656112547002008
22 16 0.9676961572454266
22 17 0.9696415114240354
22 18 0.9714570101987602
22 19 0.9731509632734456
22 20 0.9747305434985195
22 21 0.9762019783329545
22 22 0.9775707005525806
22 23 0.9788414682441108
22 24 0.9800184613137476
22 25 0.981105359798239
22 26 0.9821054079017031
22 27 0.9830214667064089
22 28 0.9838560577984486
22 29 0.9846113995290416
22 30 0.9852894372446246
22 31 0.9858918685265053
22 32 0.9864201642576077
22 33 0.9868755861613754
22 34 0.98725920132298
22 35 0.9875718940961203
22 36 0.9878143757127479
22 37 0.9879871918428786
22 38 0.9880907282931585
22 39 0.9881252149829689
22 40 0.9880907282931587
22 41 0.9879871918428784
22 42 0.9878143757127475
22 43 0.9875718940961203
22 44 0.98725920132298
22 45 0.9868755861613754
22 46 0.9864201642576077
22 47 0.9858918685265051
22 48 0.9852894372446246
22 49 0.9846113995290416
23 0 0.8757542770027265
23 1 0.9035333868660984
23 2 0.9143631851524654
23 3 0.9223659737582031
23 4 0.9288887622050319
23 5 0.93445460181526
23 6 0.9393323128572597
23 7 0.9436818718033146
23 8 0.9476076616374871
23 9 0.9511822630006085
23 10 0.9544585539666007
23 11 0.957476458420623
23 12 0.9602669803447186
23 13 0.9628547501336838
23 14 0.9652597035417999
23 15 0.9674982292574867
23 16 0.9695839772687339
23 17 0.9715284430465351
23 18 0.9733413991064944
23 19 0.9750312199627961
23 20 0.9766051309223078
23 21 0.9780694013779889
23 22 0.9794294969328246
23 23 0.9806902004933142
23 24 0.9818557096326929
23 25 0.9829297155635042
23 26 0.9839154676807014
23 27 0.9848158266513611
23 28 0.9856333083125266
23 29 0.9863701201129869
23 30 0.9870281914430297
23 31 0.9876091989004698
23 32 0.9881145873153402
23 33 0.9885455871808706
23 34 0.9889032290014524
23 35 0.989188354959562
23 36 0.9894016282158541
23 37 0.9895435400846029
23 38 0.989614415266177
23 39 0.989614415266177
23 40 0.9895435400846029
23 41 0.9894016282158536
23 42 0.989188354959562
23 43 0.9889032290014524
23 44 0.9885455871808706
23 45 0.9881145873153405
23 46 0.9876091989004698
23 47 0.9870281914430297
23 48 0.9863701201129869
23 49 0.9856333083125266
24 0 0.8768812801812809
24 1 0.904911930350878
24 2 0.9158291478414426
24 3 0.9238918923516561
24 4 0.9304601802919857
24 5 0.9360621026228315
24 6 0.9409690622544247
24 7 0.9453425667671248
24 8 0.9492879932428769
24 9 0.9528786091697484
24 10 0.9561677890010761
24 11 0.9591958276201417
24 12 0.9619940135003465
24 13 0.9645871995282144
24 14 0.9669954980831593
24 15 0.9692354396148155
24 16 0.971320788735195
24 17 0.9732631339624059
24 18 0.97507232336588
24 19 0.9767567925704607
24 20 0.9783238158599511
24 21 0.9797797012376015
24 22 0.9811299439119335
24 23 0.982379348443499
24 24 0.9835321269218545
24 25 0.9845919785623659
24 26 0.9855621547205085
24 27 0.9864455123265589
24 28 0.9872445580217715
24 29 0.9879614847460707
24 30 0.9885982021313291
24 31 0.9891563617552532
24 32 0.9896373780822563
24 33 0.990042445740569
24 34 0.9903725536458141
24 35 0.9906284963705049
24 36 0.9908108830692
24 37 0.9909201441948496
24 38 0.9909565361791323
24 39 0.9909201441948496
24 40 0.9908108830692
24 41 0.9906284963705052
24 42 0.9903725536458141
24 43 0.990042445740569
24 44 0.9896373780822563
24 45 0.9891563617552532
24 46 0.9885982021313289
24 47 0.9879614847460712
24 48 0.9872445580217715
24 49 0.9864455123265589
25 0 0.877896805049077
25 1 0.9061711011684936
25 2 0.9171724608778263
25 3 0.9252926327892362
25 4 0.931904272922441
25 5 0.9375403694307491
25 6 0.9424748345888422
25 7 0.9468706633267477
25 8 0.9508341980867983
25 9 0.9544393730193714
25 10 0.9577400440386875
25 11 0.960776865542258
25 12 0.9635814013503109
25 13 0.9661787193436728
25 14 0.9685891022187403
25 15 0.9708292167528287
25 16 0.9729129373994365
25 17 0.9748519414284279
25 18 0.9766561485314419
25 19 0.978334051780467
25 20 0.9798929709647257
25 21 0.981339249355924
25 22 0.9826784085034144
25 23 0.9839152713885827
25 24 0.9850540613746309
25 25 0.9860984823897069
25 26 0.9870517843762288
25 27 0.9879168170349344
25 28 0.9886960741633871
25 29 0.9893917303522586
25 30 0.9900056714026032
25 31 0.9905395195249751
25 32 0.9909946541497617
25 33 0.9913722289985745
25 34 0.9916731859252147
25 35 0.9918982659217878
25 36 0.992048017593526
25 37 0.9921228033293029
25 38 0.9921228033293027
25 39 0.992048017593526
25 40 0.9918982659217878
25 41 0.991673185925215
25 42 0.9913722289985745
25 43 0.9909946541497613
25 44 0.9905395195249751
25 45 0.9900056714026034
25 46 0.9893917303522586
25 47 0.9886960741633871
25 48 0.9879168170349344
25 49 0.9870517843762284
26 0 0.8788053726516266
26 1 0.9073158189887587
26 2 0.9183981906948063
26 3 0.9265733662135044
26 4 0.9332262938139984
26 5 0.9388947240942709
26 6 0.9438550093448917
26 7 0.9482715904030198
26 8 0.9522517478252299
26 9 0.9558700632578685
26 10 0.9591808598818711
26 11 0.9622251406545326
26 12 0.9650347359920085
26 13 0.9676349215668982
26 14 0.970046144304772
26 15 0.9722852020391725
26 16 0.9743660743975594
26 17 0.976300523181961
26 18 0.9780985358165658
26 19 0.9797686591689616
26 20 0.9813182550467461
26 21 0.9827536986067731
26 22 0.9840805344078959
26 23 0.9853036005274244
26 24 0.9864271282422963
26 25 0.9874548227596024
26 26 0.9883899290631588
26 27 0.9892352859291821
26 28 0.9899933704283835
26 29 0.9906663346901409
26 30 0.9912560363001396
26 31 0.9917640633971258
26 32 0.9921917553000624
26 33 0.9925402193148536
26 34 0.9928103442260262
26 35 0.9930028108633825
26 36 0.9931181000390241
26 37 0.993156498070739
26 38 0.9931181000390241
26 39 0.9930028108633829
26 40 0.9928103442260262
26 41 0.9925402193148536
26 42 0.9921917553000628
26 43 0.9917640633971258
26 44 0.9912560363001394
26 45 0.9906663346901406
26 46 0.9899933704283835
26 47 0.9892352859291821
26 48 0.9883899290631588
26 49 0.9874548227596021
27 0 0.8796110460132609
27 1 0.9083505047650271
27 2 0.9195108890009931
27 3 0.9277387370708702
27 4 0.9344309600902233
27 5 0.9401299432886017
27 6 0.9451144131605114
27 7 0.9495502170891253
27 8 0.9535455478362668
27 9 0.9571756162879292
27 10 0.9604951993414428
27 11 0.9635456380265808
27 12 0.9663590209481839
27 13 0.9689608246215793
27 14 0.9713716542987212
27 15 0.9736084337290192
27 16 0.9756852431334972
27 17 0.9776139246767624
27 18 0.9794045296435259
27 19 0.9810656550338245
27 20 0.9826047011477764
27 21 0.9840280715791428
27 22 0.9853413304742185
27 23 0.9865493275644905
27 24 0.9876562985368587
27 25 0.9886659462711311
27 26 0.9895815070440029
27 27 0.9904058047759228
27 28 0.9911412956546889
27 29 0.9917901049227102
27 30 0.9923540572064256
27 31 0.9928347014571571
27 32 0.9932333313353457
27 33 0.9935510016851649
27 34 0.9937885416001052
27 35 0.9939465644619276
27 36 0.9940254752378206
27 37 0.9940254752378206
27 38 0.993946564461928
27 39 0.9937885416001047
27 40 0.9935510016851649
27 41 0.9932333313353457
27 42 0.9928347014571575
27 43 0.9923540572064256
27 44 0.9917901049227102
27 45 0.9911412956546881
27 46 0.9904058047759228
27 47 0.9895815070440029
27 48 0.9886659462711311
27 49 0.9876562985368587
28 0 0.8803174862137502
28 1 0.9092791418865754
28 2 0.9205146558635866
28 3 0.9287929276046234
28 4 0.9355225179117085
28 5 0.9412503251024243
28 6 0.9462573872568834
28 7 0.950710920819196
28 8 0.9547200060491646
28 9 0.9583604656304561
28 10 0.9616875171990192
28 11 0.9647428297814191
28 12 0.967558742062692
28 13 0.9701609246677734
28 14 0.9725701354248122
28 15 0.9748034189610105
28 16 0.9768749515713453
28 17 0.978796651638733
28 18 0.9805786304302417
28 19 0.9822295313802327
28 20 0.983756789693175
28 21 0.9851668338624732
28 22 0.986465244083963
28 23 0.9876568781581442
28 24 0.9887459725057147
28 25 0.9897362238696175
28 26 0.9906308558339484
28 27 0.99143267325826
28 28 0.9921441069764929
28 29 0.992767250557576
28 30 0.9933038905120796
28 31 0.9937555310165305
28 32 0.9941234139864423
28 33 0.9944085351412052
28 34 0.9946116565545445
28 35 0.9947333160628858
28 36 0.9947738338029267
28 37 0.9947333160628858
28 38 0.9946116565545445
28 39 0.9944085351412052
28 40 0.994123413986442
28 41 0.9937555310165307
28 42 0.9933038905120793
28 43 0.992767250557576
28 44 0.9921441069764929
28 45 0.9914326732582595
28 46 0.990630855833948
28 47 0.9897362238696177
28 48 0.9887459725057147
28 49 0.9876568781581442
29 0 0.880927999503772
29 1 0.9101053275502612
29 2 0.9214131926941637
29 3 0.9297397120166145
29 4 0.9365047975845422
29 5 0.9422597449448756
29 6 0.9472878440368897
29 7 0.9517576445755483
29 8 0.9557790906933452
29 9 0.9594286001590261
29 10 0.9627618188782259
29 11 0.9658207341602615
29 12 0.9686379269198302
29 13 0.9712392553397619
29 14 0.9736456241966147
29 15 0.9758741940323546
29 16 0.9779392327317987
29 17 0.979852730753068
29 18 0.9816248554376669
29 19 0.9832642928975305
29 20 0.9847785095668266
29 21 0.9861739551871653
29 22 0.9874562223235874
29 23 0.988630173088486
29 24 0.9897000407568338
29 25 0.9906695118877886
29 26 0.9915417931127716
29 27 0.9923196657094147
29 28 0.9930055303247147
29 29 0.9936014436532744
29 30 0.9941091484595279
29 31 0.9945300980163096
29 32 0.9948654757881966
29 33 0.9951162109967983
29 34 0.9952829905523365
29 35 0.995366267710812
29 36 0.995366267710812
29 37 0.9952829905523365
29 38 0.9951162109967979
29 39 0.9948654757881966
29 40 0.9945300980163096
29 41 0.9941091484595279
29 42 0.9936014436532744
29 43 0.9930055303247147
29 44 0.9923196657094148
29 45 0.9915417931127716
29 46 0.9906695118877886
29 47 0.9897000407568338
29 48 0.9886301730884862
29 49 0.9874562223235874
30 0 0.8814455771273435
30 1 0.9108323161728721
30 2 0.9222098470172397
30 3 0.93058250222085
30 4 0.9373812601044577
30 5 0.9431617027540016
30 6 0.9482093148664108
30 7 0.9526939451718311
30 8 0.9567263790255319
30 9 0.960383613222073
30 10 0.9637217099192813
30 11 0.9667829653113758
30 12 0.9696001949126192
30 13 0.9721994380612644
30 14 0.9746017409483503
30 15 0.9768243751164437
30 16 0.9788816955668466
30 17 0.9807857606669279
30 18 0.9825467898710339
30 19 0.9841735081289501
30 20 0.9856734093181408
30 21 0.9870529606361305
30 22 0.9883177631658046
30 23 0.9894726793713662
30 24 0.9905219352651499
30 25 0.9914692029005846
30 26 0.9923176673796761
30 27 0.9930700815138778
30 28 0.99372881051442
30 29 0.9942958685253613
30 30 0.9947729483911463
30 31 0.9951614457299885
30 32 0.99546247813673
30 33 0.9956769001438788
30 34 0.9958053144127593
30 35 0.9958480794973044
30 36 0.9958053144127587
30 37 0.9956769001438788
30 38 0.9954624781367302
30 39 0.9951614457299885
30 40 0.9947729483911463
30 41 0.9942958685253613
30 42 0.99372881051442
30 43 0.9930700815138778
30 44 0.9923176673796761
30 45 0.9914692029005846
30 46 0.9905219352651499
30 47 0.9894726793713662
30 48 0.9883177631658046
30 49 0.9870529606361305
31 0 0.8818729291613941
31 1 0.9114630562746019
31 2 0.9229076504980434
31 3 0.9313243866991909
31 4 0.938155036674222
31 5 0.9439593630675152
31 6 0.9490249906196084
31 7 0.9535230342112825
31 8 0.9575650986504723
31 9 0.9612287442830109
31 10 0.9645704379006286
31 11 0.9676327754590051
31 12 0.970448799627376
31 13 0.9730447246157953
31 14 0.9754417325622889
31 15 0.9776572011191405
31 16 0.9797055679169324
31 17 0.9815989550191452
31 18 0.9833476299530656
31 19 0.9849603525581648
31 20 0.9864446402302222
31 21 0.987806973660837
31 22 0.9890529583972494
31 23 0.9901874530583152
31 24 0.9912146720016739
31 25 0.9921382681358969
31 26 0.9929614000927302
31 27 0.9936867869162462
31 28 0.9943167526561649
31 29 0.9948532626842972
31 30 0.9952979531269286
31 31 0.9956521544812289
31 32 0.995916910232007
31 33 0.9960929910859601
31 34 0.9961809052791973
31 35 0.9961809052791973
31 36 0.9960929910859601
31 37 0.995916910232007
31 38 0.9956521544812287
31 39 0.9952979531269289
31 40 0.9948532626842971
31 41 0.9943167526561649
31 42 0.9936867869162462
31 43 0.9929614000927298
31 44 0.9921382681358968
31 45 0.9912146720016735
31 46 0.9901874530583155
31 47 0.9890529583972494
31 48 0.9878069736608367
31 49 0.986444640230222
32 0 0.8822125134103891
32 1 0.9120002219666559
32 2 0.9235093513988687
32 3 0.9319681636551506
32 4 0.9388289624118147
32 5 0.9446555891917018
32 6 0.9497377562399976
32 7 0.9542478129860513
32 8 0.9582981627138921
32 9 0.961966914368405
32 10 0.9653109281081683
32 11 0.9683730907624253
32 12 0.9711866648633378
32 13 0.9737780332988476
32 14 0.976168508726139
32 15 0.978375570014186
32 16 0.9804137328968962
32 17 0.9822951788485029
32 18 0.9840302193252625
32 19 0.9856276449726711
32 20 0.9870949926123987
32 21 0.9884387522674891
32 22 0.9896645296596944
32 23 0.9907771750904258
32 24 0.9917808865531452
32 25 0.9926792928077051
32 26 0.9934755206567981
32 27 0.9941722495976197
32 28 0.9947717562454081
32 29 0.9952759503515728
32 30 0.995686403808016
32 31 0.9960043736998981
32 32 0.9962308202127144
32 33 0.9963664199954845
32 34 0.9964115754150478
32 35 0.9963664199954845
32 36 0.9962308202127141
32 37 0.9960043736998981
32 38 0.995686403808016
32 39 0.9952759503515728
32 40 0.9947717562454078
32 41 0.9941722495976197
32 42 0.9934755206567984
32 43 0.9926792928077051
32 44 0.991780886553145
32 45 0.9907771750904258
32 46 0.9896645296596944
32 47 0.9884387522674891
32 48 0.9870949926123987
32 49 0.9856276449726709
33 0 0.8824665601847095
33 1 0.9124462399475258
33 2 0.9240174423974477
33 3 0.9325163694203749
33 4 0.9394056052210765
33 5 0.945252972454628
33 6 0.950350220316025
33 7 0.9548709023274183
33 8 0.9589281999874568
33 9 0.9626007563529297
33 10 0.9659458139889078
33 11 0.9690065419092744
33 12 0.9718164153380898
33 13 0.9744019797086035
33 14 0.9767846727824697
33 15 0.9789820697244941
33 16 0.9810087597816028
33 17 0.9828769794550288
33 18 0.9845970798545929
33 19 0.9861778781835701
33 20 0.9876269263982237
33 21 0.988950719455236
33 22 0.9901548586866628
33 23 0.9912441812870191
33 24 0.9922228638109941
33 25 0.9930945054471226
33 26 0.9938621953307749
33 27 0.9945285670839764
33 28 0.9950958429860828
33 29 0.995565869599476
33 30 0.9959401462380036
33 31 0.996219847331411
33 32 0.9964058394773432
33 33 0.9964986937626982
33 34 0.9964986937626982
33 35 0.9964058394773432
33 36 0.996219847331411
33 37 0.9959401462380036
33 38 0.9955658695994757
33 39 0.9950958429860828
33 40 0.9945285670839764
33 41 0.9938621953307749
33 42 0.9930945054471226
33 43 0.9922228638109943
33 44 0.9912441812870191
33 45 0.9901548586866625
33 46 0.988950719455236
33 47 0.9876269263982235
33 48 0.9861778781835698
33 49 0.9845970798545929
34 0 0.8826370936293083
34 1 0.9128033127353015
34 2 0.9244341845178595
34 3 0.9329713028812068
34 4 0.9398872906058366
34 5 0.9457538573361451
34 6 0.9508647404736147
34 7 0.9553946682181337
34 8 0.959457580664741
34 9 0.963132640907047
34 10 0.9664774632211806
34 11 0.9695354902808576
34 12 0.9723404029214503
34 13 0.974918903022228
34 14 0.9772925480210264
34 15 0.97947900440345
34 16 0.9814929302480646
34 17 0.9833466125731909
34 18 0.9850504377059787
34 19 0.9866132449629644
34 20 0.9880425969102494
34 21 0.9893449887669842
34 22 0.990526012594378
34 23 0.991590487325387
34 24 0.9925425625820447
34 25 0.9933858020785137
34 26 0.9941232508943897
34 27 0.9947574898179863
34 28 0.9952906791686351
34 29 0.9957245939208544
34 30 0.9960606515110058
34 31 0.9962999333668033
34 32 0.9964432009322305
34 33 0.9964909067437423
34 34 0.9964432009322305
34 35 0.9962999333668033
34 36 0.9960606515110054
34 37 0.9957245939208544
34 38 0.9952906791686351
34 39 0.9947574898179856
34 40 0.9941232508943897
34 41 0.993385802078514
34 42 0.9925425625820447
34 43 0.9915904873253871
34 44 0.990526012594378
34 45 0.989344988766984
34 46 0.9880425969102494
34 47 0.9866132449629644
34 48 0.9850504377059792
34 49 0.9833466125731909
35 0 0.8827259501422566
35 1 0.9130734387248303
35 2 0.9247616277814078
35 3 0.9333350465463188
35 4 0.940276123059381
35 5 0.9461603631156813
35 6 0.951283445234532
35 7 0.9558212438225964
35 8 0.9598884385299736
35 9 0.9635646987745291
35 10 0.9669080000732923
35 11 0.969962050365452
35 12 0.9727607290774426
35 13 0.9753308884404194
35 14 0.9776942000991721
35 15 0.9798684168034604
35 16 0.9818682606627532
35 17 0.9837060645465829
35 18 0.9853922453703667
35 19 0.9869356598882795
35 20 0.9883438764796361
35 21 0.9896233856387456
35 22 0.9907797649098302
35 23 0.9918178093900485
35 24 0.9927416357936898
35 25 0.9935547659061104
35 26 0.9942601937307748
35 27 0.9948604395388957
35 28 0.9953575932328133
35 29 0.9957533488414088
35 30 0.9960490315171064
35 31 0.9962456180571447
35 32 0.9963437516967335
35 33 0.9963437516967335
35 34 0.9962456180571447
35 35 0.9960490315171064
35 36 0.9957533488414088
35 37 0.9953575932328133
35 38 0.9948604395388957
35 39 0.9942601937307752
35 40 0.99355476590611
35 41 0.9927416357936896
35 42 0.9918178093900485
35 43 0.9907797649098302
35 44 0.9896233856387455
35 45 0.9883438764796358
35 46 0.9869356598882795
35 47 0.9853922453703667
35 48 0.9837060645465829
35 49 0.981868260662753
36 0 0.8827347943227513
36 1 0.9132584295492242
36 2 0.9250016290720295
36 3 0.9336094847608633
36 4 0.9405740045434117
36 5 0.9464744025592454
36 6 0.9516082528681892
36 7 0.9561525484678679
36 8 0.9602226900372356
36 9 0.9638988399215643
36 10 0.9672393245958177
36 11 0.9702881089677847
36 12 0.9730792640649996
36 13 0.9756397863528531
36 14 0.9779914561445494
36 15 0.9801521072867759
36 16 0.9821365209694916
36 17 0.9839570710592151
36 18 0.9856242002025871
36 19 0.9871467776460143
36 20 0.9885323724705259
36 21 0.9897874650938787
36 22 0.9909176128776
36 23 0.9919275810271024
36 24 0.9928214468214687
36 25 0.9936026830294497
36 26 0.9942742248312345
36 27 0.9948385234622509
36 28 0.9952975889889192
36 29 0.9956530240260268
36 30 0.995906049749374
36 31 0.9960575252027145
36 32 0.9961079606142466
36 33 0.9960575252027145
36 34 0.9959060497493744
36 35 0.9956530240260268
36 36 0.9952975889889192
36 37 0.9948385234622509
36 38 0.9942742248312345
36 39 0.9936026830294497
36 40 0.9928214468214687
36 41 0.991927581027102
36 42 0.9909176128776
36 43 0.9897874650938787
36 44 0.9885323724705259
36 45 0.9871467776460143
36 46 0.9856242002025871
36 47 0.9839570710592149
36 48 0.9821365209694911
36 49 0.9801521072867759
37 0 0.8826651328085803
37 1 0.9133599251383759
37 2 0.925155867621085
37 3 0.9337963194807695
37 4 0.9407826504770779
37 5 0.9466976980719649
37 6 0.9518408876680826
37 7 0.9563903040108432
37 8 0.9604620507389335
37 9 0.9641367699992373
37 10 0.9674731290918168
37 11 0.970515341660966
37 12 0.97329766334518
37 13 0.9758472286733024
37 14 0.9781859209892333
37 15 0.9803316499278043
37 16 0.9822992506264846
37 17 0.9841011328706607
37 18 0.9857477599141697
37 19 0.9872480082371853
37 20 0.9886094421475613
37 21 0.9898385262155763
37 22 0.9909407914724203
37 23 0.991920966622676
37 24 0.9927830823481393
37 25 0.9935305545845955
37 26 0.9941662511042217
37 27 0.9946925446231467
37 28 0.9951113548387409
37 29 0.9954241811927546
37 30 0.9956321276920093
37 31 0.9957359207545148
37 32 0.9957359207545148
37 33 0.9956321276920094
37 34 0.9954241811927543
37 35 0.9951113548387409
37 36 0.9946925446231467
37 37 0.9941662511042215
37 38 0.9935305545845952
37 39 0.9927830823481395
37 40 0.991920966622676
37 41 0.9909407914724201
37 42 0.9898385262155763
37 43 0.9886094421475613
37 44 0.9872480082371851
37 45 0.9857477599141697
37 46 0.9841011328706605
37 47 0.9822992506264846
37 48 0.9803316499278043
37 49 0.9781859209892333
38 0 0.8825183262993687
38 1 0.9133794067975343
38 2 0.925225858444493
38 3 0.9338970839471992
38 4 0.9409036035816285
38 5 0.9468317956662206
38 6 0.9519828940066528
38 7 0.9565360489484774
38 8 0.9606080494230358
38 9 0.9642800044809257
38 10 0.9676109122281
38 11 0.9706452268450996
38 12 0.9734173815597644
38 13 0.975954642709436
38 14 0.9782789908999905
38 15 0.9804084060705418
38 16 0.9823577719544949
38 17 0.9841395289146952
38 18 0.9857641553775718
38 19 0.9872405294367316
38 20 0.9885762047335046
38 21 0.9897776237379188
38 22 0.9908502844495576
38 23 0.9917988718274396
38 24 0.9926273620638495
38 25 0.9933391056055362
38 26 0.9939368932643879
38 27 0.9944230086361598
38 28 0.9947992692214628
38 29 0.9950670580254564
38 30 0.9952273469384326
38 31 0.995280712824543
38 32 0.9952273469384324
38 33 0.9950670580254564
38 34 0.9947992692214628
38 35 0.9944230086361595
38 36 0.9939368932643879
38 37 0.9933391056055362
38 38 0.9926273620638494
38 39 0.9917988718274396
38 40 0.9908502844495576
38 41 0.9897776237379188
38 42 0.9885762047335047
38 43 0.9872405294367316
38 44 0.9857641553775718
38 45 0.984139528914695
38 46 0.9823577719544947
38 47 0.9804084060705418
38 48 0.9782789908999905
38 49 0.975954642709436
39 0 0.8822956000104925
39 1 0.913318208572866
39 2 0.9252129640071597
39 3 0.933913154541774
39 4 0.9409382458656457
39 5 0.9468780770338204
39 6 0.9520356484598181
39 7 0.9565911505645637
39 8 0.9606620402542767
39 9 0.9643298807711042
39 10 0.967653991084827
39 11 0.9706790577101985
39 12 0.9734396843786951
39 13 0.9759632628640869
39 14 0.9782718651001752
39 15 0.9803835356347722
39 16 0.9823132011871787
39 17 0.984073327049012
39 18 0.9856744010249687
39 19 0.9871252967845225
39 20 0.9884335509277478
39 21 0.9896055770178385
39 22 0.9906468326850582
39 23 0.9915619511666229
39 24 0.9923548454314423
39 25 0.9930287908110781
39 26 0.9935864904840971
39 27 0.9940301270262996
39 28 0.9943614024044437
39 29 0.9945815681625721
39 30 0.994691447064085
39 31 0.9946914470640853
39 32 0.9945815681625721
39 33 0.9943614024044437
39 34 0.9940301270262994
39 35 0.9935864904840971
39 36 0.9930287908110781
39 37 0.9923548454314425
39 38 0.9915619511666229
39 39 0.9906468326850582
39 40 0.9896055770178386
39 41 0.9884335509277478
39 42 0.9871252967845225
39 43 0.9856744010249687
39 44 0.9840733270490125
39 45 0.9823132011871787
39 46 0.9803835356347722
39 47 0.9782718651001748
39 48 0.9759632628640869
39 49 0.9734396843786951
40 0 0.8819980527608071
40 1 0.9131775271252895
40 2 0.9251184043424866
40 3 0.9338457610548195
40 4 0.9408878089864946
40 5 0.9468377699604463
40 6 0.9520003702414223
40 7 0.9565568153547814
40 8 0.9606252131620745
40 9 0.9642875685288215
40 10 0.9676035113868015
40 11 0.9706179523463662
40 12 0.9733656584584078
40 13 0.9758741404085501
40 14 0.9781655553217142
40 15 0.9802580064066425
40 16 0.982166457455561
40 17 0.9839033926833686
40 18 0.9854793030632684
40 19 0.9869030513225672
40 20 0.9881821500917015
40 21 0.989322976583497
40 22 0.9903309399885639
40 23 0.9912106130027094
40 24 0.9919658356651715
40 25 0.9925997974424043
40 26 0.993115101904355
40 27 0.9935138171932969
40 28 0.9937975146384751
40 29 0.9939672972287267
40 30 0.99402381915495
40 31 0.9939672972287266
40 32 0.9937975146384748
40 33 0.9935138171932971
40 34 0.993115101904355
40 35 0.992599797442404
40 36 0.9919658356651715
40 37 0.9912106130027093
40 38 0.9903309399885637
40 39 0.989322976583497
40 40 0.9881821500917012
40 41 0.9869030513225667
40 42 0.9854793030632684
40 43 0.9839033926833683
40 44 0.982166457455561
40 45 0.9802580064066422
40 46 0.9781655553217145
40 47 0.9758741404085501
40 48 0.9733656584584075
40 49 0.9706179523463662
41 0 0.8816266648631225
41 1 0.9129584302965059
41 2 0.9249432658160829
41 3 0.9336959955592721
41 4 0.9407533831831528
41 5 0.9467119572794044
41 6 0.9518781301459145
41 7 0.956434097929145
41 8 0.9604986026746192
41 9 0.964154078405209
41 10 0.967460456115196
41 11 0.9704628621988793
41 12 0.9731962197070146
41 13 0.9756881515215778
41 14 0.9779608935778366
41 15 0.9800326015004618
41 16 0.9819182698887147
41 17 0.9836303954623624
41 18 0.9851794656743385
41 19 0.9865743252386682
41 20 0.9878224552506469
41 21 0.9889301883957319
41 22 0.989902876509679
41 23 0.9907450219527031
41 24 0.9914603810014759
41 25 0.9920520452015732
41 26 0.9925225050206072
41 27 0.9928736989817821
41 28 0.9931070505970451
41 29 0.9932234947627362
41 30 0.9932234947627362
41 31 0.9931070505970448
41 32 0.9928736989817821
41 33 0.9925225050206072
41 34 0.9920520452015732
41 35 0.9914603810014754
41 36 0.9907450219527033
41 37 0.989902876509679
41 38 0.9889301883957319
41 39 0.9878224552506469
41 40 0.9865743252386675
41 41 0.9851794656743385
41 42 0.9836303954623629
41 43 0.9819182698887147
41 44 0.9800326015004618
41 45 0.9779608935778357
41 46 0.9756881515215774
41 47 0.9731962197070146
41 48 0.9704628621988793
41 49 0.967460456115196
42 0 0.8811823049581827
42 1 0.9126618645203304
42 2 0.9246885086909274
42 3 0.9334648200501194
42 4 0.9405359249421146
42 5 0.9465015845275361
42 6 0.9516698581627955
42 7 0.9562239085555575
42 8 0.9602830953625651
42 9 0.9639302693576718
42 10 0.9672256526611199
42 11 0.9702145790277191
42 12 0.9729321200134498
42 13 0.9754060037480224
42 14 0.9776585383065362
42 15 0.9797079251368004
42 16 0.9815691829697079
42 17 0.9832548141345735
42 18 0.9847752953232787
42 19 0.9861394455285564
42 20 0.9873547060110531
42 21 0.9884273559057517
42 22 0.9893626798018579
42 23 0.990165098800582
42 24 0.9908382732738924
42 25 0.9913851832680622
42 26 0.9918081908774674
42 27 0.9921090877382115
42 28 0.9922891299142287
42 29 0.9923490617737863
42 30 0.9922891299142289
42 31 0.9921090877382112
42 32 0.9918081908774676
42 33 0.9913851832680622
42 34 0.9908382732738924
42 35 0.990165098800582
42 36 0.9893626798018579
42 37 0.9884273559057517
42 38 0.987354706011053
42 39 0.9861394455285561
42 40 0.9847752953232787
42 41 0.9832548141345736
42 42 0.9815691829697079
42 43 0.979707925136801
42 44 0.9776585383065359
42 45 0.9754060037480224
42 46 0.9729321200134496
42 47 0.9702145790277195
42 48 0.9672256526611199
42 49 0.9639302693576722
43 0 0.8806657359094734
43 1 0.9122886612068059
43 2 0.9243549736246338
43 3 0.9331530729819706
43 4 0.9402362635300993
43 5 0.946207466437615
43 6 0.9513763498971987
43 7 0.9559270194784478
43 8 0.9599794360253939
43 9 0.9636168546724381
43 10 0.9668997786507065
43 11 0.9698737404986968
43 12 0.9725739525644208
43 13 0.9750282409968886
43 14 0.9772589789995016
43 15 0.9792844068454756
43 16 0.9811195602479585
43 17 0.9827769397001811
43 18 0.9842670032559787
43 19 0.9855985357446008
43 20 0.9867789294455002
43 21 0.9878143999419121
43 22 0.9887101535531586
43 23 0.9894705178856076
43 24 0.9900990437376878
43 25 0.9905985842957388
43 26 0.9909713559213555
43 27 0.9912189836370785
43 28 0.991342533520697
43 29 0.9913425335206968
43 30 0.9912189836370787
43 31 0.9909713559213555
43 32 0.9905985842957388
43 33 0.9900990437376878
43 34 0.9894705178856075
43 35 0.9887101535531586
43 36 0.9878143999419121
43 37 0.9867789294455002
43 38 0.9855985357446014
43 39 0.9842670032559787
43 40 0.9827769397001811
43 41 0.9811195602479585
43 42 0.9792844068454759
43 43 0.9772589789995016
43 44 0.9750282409968886
43 45 0.9725739525644208
43 46 0.9698737404986966
43 47 0.9668997786507066
43 48 0.9636168546724383
43 49 0.9599794360253943
44 0 0.880077619856553
44 1 0.9118395422050931
44 2 0.9239433872072224
44 3 0.9327614748143912
44 4 0.9398551065037638
44 5 0.9458302923774021
44 6 0.9509982719063053
44 7 0.9555440701211593
44 8 0.9595882327276223
44 9 0.9632144068005574
44 10 0.9664833665441543
44 11 0.9694408345051787
44 12 0.9721221558439948
44 13 0.9745552471684806
44 14 0.9767625393999577
44 15 0.9787623041693415
44 16 0.9805695864748085
44 17 0.9821968768929108
44 18 0.9836546062285325
44 19 0.9849515158576215
44 20 0.9860949389523339
44 21 0.9870910164090906
44 22 0.9879448639386044
44 23 0.9886607018860216
44 24 0.9892419560203809
44 25 0.9896913352128711
44 26 0.9900108902670554
44 27 0.9902020569491489
44 28 0.9902656853456941
44 29 0.990202056949149
44 30 0.9900108902670554
44 31 0.989691335212871
44 32 0.9892419560203808
44 33 0.9886607018860216
44 34 0.9879448639386044
44 35 0.9870910164090906
44 36 0.9860949389523339
44 37 0.9849515158576213
44 38 0.9836546062285325
44 39 0.982196876892911
44 40 0.9805695864748085
44 41 0.9787623041693411
44 42 0.9767625393999577
44 43 0.9745552471684806
44 44 0.9721221558439945
44 45 0.9694408345051787
44 46 0.9664833665441543
44 47 0.9632144068005574
44 48 0.9595882327276223
44 49 0.9555440701211592
45 0 0.8794185225080354
45 1 0.9113151244329505
45 2 0.9234543666288458
45 3 0.9322906326551079
45 4 0.939393044286507
45 5 0.9453706308249152
45 6 0.950536166040043
45 7 0.9550755712589826
45 8 0.9591099607695669
45 9 0.9627233610892981
45 10 0.9659768070871743
45 11 0.9689162022946071
45 12 0.9715770163847843
45 13 0.9739872484733063
45 14 0.976169379324453
45 15 0.9781417039147177
45 16 0.9799192681970784
45 17 0.9815145440176987
45 18 0.9829379254737949
45 19 0.9841981002175813
45 20 0.9853023310521347
45 21 0.9862566717338728
45 22 0.9870661334920218
45 23 0.9877348138525195
45 24 0.9882659959988531
45 25 0.9886622245590962
45 26 0.9889253620286051
45 27 0.9890566287969902
45 28 0.9890566287969906
45 29 0.9889253620286051
45 30 0.9886622245590955
45 31 0.9882659959988531
45 32 0.987734813852519
45 33 0.9870661334920215
45 34 0.9862566717338725
45 35 0.9853023310521345
45 36 0.9841981002175813
45 37 0.9829379254737949
45 38 0.9815145440176987
45 39 0.9799192681970784
45 40 0.9781417039147173
45 41 0.976169379324453
45 42 0.9739872484733061
45 43 0.9715770163847843
45 44 0.9689162022946068
45 45 0.9659768070871744
45 46 0.9627233610892982
45 47 0.9591099607695669
45 48 0.9550755712589826
45 49 0.950536166040043
46 0 0.8786889167411676
46 1 0.91071592374507
46 2 0.9228884235507446
46 3 0.9317410440744163
46 4 0.9388505538851448
46 5 0.9448289329515556
46 6 0.9499904528560886
46 7 0.9545219082305879
46 8 0.9585449656575955
46 9 0.9621440184703102
46 10 0.9653803516718693
46 11 0.9683000404515345
46 12 0.9709386703160713
46 13 0.9733243144803502
46 14 0.975479495136947
46 15 0.9774225219656673
46 16 0.979168432812394
46 17 0.9807296711316885
46 18 0.9821165838730964
46 19 0.9833377935574092
46 20 0.9844004800362637
46 21 0.9853105959353643
46 22 0.9860730323335954
46 23 0.9866917462738983
46 24 0.9871698583184956
46 25 0.9875097259910931
46 26 0.9877129972408953
46 27 0.9877806467905907
46 28 0.9877129972408953
46 29 0.9875097259910931
46 30 0.9871698583184954
46 31 0.9866917462738983
46 32 0.9860730323335954
46 33 0.9853105959353643
46 34 0.9844004800362637
46 35 0.9833377935574095
46 36 0.9821165838730964
46 37 0.9807296711316891
46 38 0.9791684328123942
46 39 0.9774225219656673
46 40 0.9754794951369471
46 41 0.9733243144803502
46 42 0.9709386703160711
46 43 0.9683000404515343
46 44 0.9653803516718691
46 45 0.9621440184703103
46 46 0.9585449656575955
46 47 0.9545219082305879
46 48 0.949990452856089
46 49 0.9448289329515558
47 0 0.8778891855627454
47 1 0.9100423580990886
47 2 0.9222459672386064
47 3 0.9311131001494949
47 4 0.9382280018040244
47 5 0.9442055353689837
47 6 0.9493614341627652
47 7 0.9538833432385758
47 8 0.9578934651209587
47 9 0.961476547147238
47 10 0.9646941136443627
47 11 0.9675924017680477
47 12 0.9702071037319601
47 13 0.9725663579085072
47 14 0.9746927188777732
47 15 0.9766045016512105
47 16 0.9783167260591129
47 17 0.9798417965217197
47 18 0.9811900012624285
47 19 0.9823698849401905
47 20 0.9833885303322089
47 21 0.9842517731426657
47 22 0.9849643665201939
47 23 0.9855301068748417
47 24 0.9859519291704704
47 25 0.9862319774674364
47 26 0.9863716547485626
47 27 0.9863716547485626
47 28 0.9862319774674364
47 29 0.9859519291704704
47 30 0.9855301068748418
47 31 0.9849643665201939
47 32 0.9842517731426657
47 33 0.9833885303322089
47 34 0.9823698849401905
47 35 0.9811900012624285
47 36 0.9798417965217194
47 37 0.9783167260591127
47 38 0.9766045016512105
47 39 0.9746927188777732
47 40 0.9725663579085072
47 41 0.9702071037319601
47 42 0.9675924017680477
47 43 0.9646941136443627
47 44 0.961476547147238
47 45 0.9578934651209587
47 46 0.9538833432385758
47 47 0.9493614341627652
47 48 0.9442055353689837
47 49 0.9382280018040248
48 0 0.8770196244754078
48 1 0.9092947500662916
48 2 0.9215273070051103
48 3 0.9304070877843271
48 4 0.9375256462006147
48 5 0.9435006620814748
48 6 0.948649294728637
48 7 0.9531600167742702
48 8 0.9571555502058658
48 9 0.9607209833080387
48 10 0.9639180685779328
48 11 0.9667931950124993
48 12 0.9693821518811208
48 13 0.9717131331514482
48 14 0.9738087160242119
48 15 0.9756872106258971
48 16 0.9773636078815402
48 17 0.9788502613950758
48 18 0.9801573877607331
48 19 0.9812934395017512
48 20 0.9822653863939534
48 21 0.9830789293131335
48 22 0.9837386632053579
48 23 0.9842482007486737
48 24 0.9846102648240944
48 25 0.984826755475462
48 26 0.9848987952535727
48 27 0.984826755475462
48 28 0.9846102648240944
48 29 0.9842482007486735
48 30 0.9837386632053579
48 31 0.9830789293131331
48 32 0.9822653863939534
48 33 0.981293439501751
48 34 0.9801573877607331
48 35 0.9788502613950758
48 36 0.9773636078815396
48 37 0.9756872106258971
48 38 0.9738087160242119
48 39 0.9717131331514482
48 40 0.9693821518811202
48 41 0.9667931950124993
48 42 0.9639180685779326
48 43 0.9607209833080389
48 44 0.9571555502058658
48 45 0.95316001677427
48 46 0.948649294728637
48 47 0.9435006620814748
48 48 0.9375256462006146
48 49 0.9304070877843271
49 0 0.8760804432838689
49 1 0.9084733287235136
49 2 0.9207326539973227
49 3 0.9296231913392841
49 4 0.9367436383142987
49 5 0.9427144256725135
49 6 0.9478541031838602
49 7 0.9523519481873183
49 8 0.9563311854619161
49 9 0.959877230870559
49 10 0.963052053512334
49 11 0.9659021835878225
49 12 0.9684634971580587
49 13 0.9707642335022838
49 14 0.9728269818326608
49 15 0.9746700361939321
49 16 0.9763083465766565
49 17 0.9777542026605157
49 18 0.9790177349616105
49 19 0.9801072877860711
49 20 0.9810296998606026
49 21 0.9817905168273073
49 22 0.9823941522006099
49 23 0.9828440083107047
49 24 0.983142565265532
49 25 0.9832914434795549
49 26 0.9832914434795549
49 27 0.9831425652655318
49 28 0.9828440083107047
49 29 0.9823941522006099
49 30 0.9817905168273073
49 31 0.9810296998606026
49 32 0.9801072877860706
49 33 0.9790177349616105
49 34 0.977754202660516
49 35 0.976308346576656
49 36 0.9746700361939321
49 37 0.9728269818326606
49 38 0.9707642335022838
49 39 0.9684634971580587
49 40 0.9659021835878221
49 41 0.963052053512334
49 42 0.9598772308705591
49 43 0.9563311854619164
49 44 0.9523519481873183
49 45 0.9478541031838602
49 46 0.9427144256725135
49 47 0.9367436383142987
49 48 0.9296231913392843
49 49 0.920732653997323
