0 0 1.434114449074657
0 1 1.4617974980724269
0 2 1.4648331804418324
0 3 1.4637769964134837
0 4 1.4605646392213985
0 5 1.4559407872893415
0 6 1.4502844235415149
0 7 1.4438186527710872
0 8 1.436687283713627
0 9 1.428988929703392
0 10 1.4207942944590475
0 11 1.4121557810716157
0 12 1.4031132172647784
0 13 1.3936974566609512
0 14 1.383932744888647
0 15 1.3738383307626496
0 16 1.3634295966294083
0 17 1.3527188716134309
0 18 1.341716029419716
0 19 1.3304289359238142
0 20 1.318863789623807
0 21 1.3070253841184454
0 22 1.2949173127981193
0 23 1.2825421299972082
0 24 1.2699014788416143
0 25 1.256996193256711
0 26 1.2438263796572273
0 27 1.2303914824534758
0 28 1.2166903365033184
0 29 1.20272120890079
0 30 1.1884818319425035
0 31 1.1739694286983078
0 32 1.1591807322961813
0 33 1.144111999786728
0 34 1.1287590212612306
0 35 1.1131171247454577
0 36 1.0971811772693854
0 37 1.0809455824133598
0 38 1.064404274548375
0 39 1.0475507099179662
0 40 1.0303778546483644
0 41 1.0128781697194893
0 42 0.9950435928800132
0 43 0.9768655174433434
0 44 0.9583347678565322
0 45 0.9394415718894802
0 46 0.9201755292461791
0 47 0.9005255763519766
0 48 0.8804799470197457
0 49 0.8600261286422068
1 0 1.3769597211659457
1 1 1.405839039781235
1 2 1.4091598240579875
1 3 1.4082404663943395
1 4 1.4050878533056161
1 5 1.4004738918453252
1 6 1.3947913442358542
1 7 1.3882713807276243
1 8 1.3810629776622627
1 9 1.3732682688753322
1 10 1.3649604639188744
1 11 1.3561938077421645
1 12 1.3470095143750622
1 13 1.3374394989506533
1 14 1.3275088294822275
1 15 1.3172373962011867
1 16 1.3066410825636299
1 17 1.2957326076349596
1 18 1.2845221452102562
1 19 1.2730177872741038
1 20 1.2612258964377212
1 21 1.249151377574228
1 22 1.2367978895684444
1 23 1.2241680119435059
1 24 1.2112633769658823
1 25 1.1980847749612336
1 26 1.184632238559222
1 27 1.170905110147812
1 28 1.1569020957760174
1 29 1.1426213079785774
1 30 1.1280602994260578
1 31 1.1132160888738971
1 32 1.0980851805555472
1 33 1.08266357791092
1 34 1.0669467923424734
1 35 1.0509298475333493
1 36 1.0346072797347978
1 37 1.0179731343259975
1 38 1.0010209588625196
1 39 0.9837437927558259
1 40 0.9661341536617631
1 41 0.948184020598451
1 42 0.9298848137610048
1 43 0.9112273709503884
1 44 0.8922019204847815
1 45 0.8727980504127494
1 46 0.8530046737969176
1 47 0.8328099897834761
1 48 0.8122014401153367
1 49 0.7911656606837743
2 0 1.344663794886292
2 1 1.3740986816099616
2 2 1.3775098502306364
2 3 1.3766044131109716
2 4 1.3734254512544974
2 5 1.3687586800847302
2 6 1.3630038248009326
2 7 1.3563961109457454
2 8 1.3490870953049132
2 9 1.341180653422666
2 10 1.3327512193037472
2 11 1.3238539232436832
2 12 1.3145306313024425
2 13 1.3048137436228937
2 14 1.2947286895786065
2 15 1.2842956264935503
2 16 1.2735306311321881
2 17 1.2624465567045777
2 18 1.251053662624806
2 19 1.2393600858305192
2 20 1.2273721990944795
2 21 1.2150948870842864
2 22 1.2025317614558033
2 23 1.1896853300018415
2 24 1.1765571306427016
2 25 1.1631478381247482
2 26 1.1494573492428397
2 27 1.1354848509390278
2 28 1.1212288745695238
2 29 1.1066873388525225
2 30 1.0918575834288837
2 31 1.076736394529582
2 32 1.0613200239090386
2 33 1.0456042019443117
2 34 1.0295841455969508
2 35 1.0132545617726656
2 36 0.9966096464834933
2 37 0.9796430801099899
2 38 0.9623480189711814
2 39 0.9447170833332429
2 40 0.9267423419204961
2 41 0.9084152929315944
2 42 0.8897268415074384
2 43 0.8706672735434783
2 44 0.851226225686001
2 45 0.8313926512981725
2 46 0.811154782125674
2 47 0.7905000853321626
2 48 0.7694152155101589
2 49 0.7478859612015559
3 0 1.3162565096021508
3 1 1.3461462905934203
3 2 1.3496155923435922
3 3 1.3487028103065866
3 4 1.3454818379914173
3 5 1.3407501320452426
3 6 1.3349133284308605
3 7 1.3282100871560079
3 8 1.3207941433935142
3 9 1.3127708365883717
3 10 1.3042156237962883
3 11 1.2951843691016127
3 12 1.2857194730705637
3 13 1.275853727426066
3 14 1.2656128470360362
3 15 1.2550171935646657
3 16 1.2440829843182202
3 17 1.2328231616128749
3 18 1.2212480315029524
3 19 1.2093657417014114
3 20 1.1971826447977472
3 21 1.184703577984312
3 22 1.1719320808899245
3 23 1.1588705667621824
3 24 1.145520457941608
3 25 1.1318822936066804
3 26 1.1179558156876823
3 27 1.1037400373618198
3 28 1.0892332974654961
3 29 1.0744333033682238
3 30 1.0593371642629144
3 31 1.04394141638209
3 32 1.0282420413091093
3 33 1.0122344782897141
3 34 0.9959136312420664
3 35 0.9792738709983914
3 36 0.962309033177655
3 37 0.9450124119785882
3 38 0.9273767500896137
3 39 0.9093942248324856
3 40 0.8910564305858755
3 41 0.8723543574710754
3 42 0.8532783662219043
3 43 0.8338181591028795
3 44 0.8139627466819603
3 45 0.7937004102050038
3 46 0.7730186592569508
3 47 0.751904184328061
3 48 0.7303428038305122
3 49 0.7303428038305122
4 0 1.289756562796382
4 1 1.320051249512487
4 2 1.323561669041679
4 3 1.3226297989021611
4 4 1.3193577438198296
4 5 1.3145537004485022
4 6 1.3086287044532192
4 7 1.3018245476389974
4 8 1.294296946580023
4 9 1.2861525676332195
4 10 1.2774677907756442
4 11 1.26829913775515
4 12 1.2586894838643927
4 13 1.2486719641514286
4 14 1.2382725390759053
4 15 1.2275117409249072
4 16 1.2164058984863817
4 17 1.204968017671807
4 18 1.1932084283905744
4 19 1.1811352684448322
4 20 1.1687548511665555
4 21 1.1560719484235709
4 22 1.1430900108796143
4 23 1.1298113409503594
4 24 1.1162372295411143
4 25 1.102368064647775
4 26 1.0882034177932574
4 27 1.0737421127658442
4 28 1.058982280034513
4 29 1.043921399413706
4 30 1.0285563329518248
4 31 1.0128833495658651
4 32 0.9968981425987687
4 33 0.9805958412078681
4 34 0.9639710162817884
4 35 0.9470176814146927
4 36 0.9297292893298861
4 37 0.912098724031527
4 38 0.894118288867389
4 39 0.8757796906025644
4 40 0.8570740195300309
4 41 0.8379917255761413
4 42 0.8185225902948483
4 43 0.7986556945817511
4 44 0.7783793818759334
4 45 0.7576812165522491
4 46 0.7365479371374816
4 47 0.7149654039088005
4 48 0.6929185403502783
4 49 0.7149654039088005
5 0 1.264397677215475
5 1 1.2950667882056146
5 2 1.298607145788173
5 3 1.297648075086272
5 4 1.2943183628882418
5 5 1.2894363555433683
5 6 1.2834181859035685
5 7 1.2765085974576387
5 8 1.268865170136486
5 9 1.2605958143780456
5 10 1.2517777718512175
5 11 1.242468174768775
5 12 1.2327103354657654
5 13 1.2225377012980265
5 14 1.2119764520874132
5 15 1.201047268014383
5 16 1.1897665692066355
5 17 1.1781474069507096
5 18 1.1662001182130601
5 19 1.1539328151248205
5 20 1.1413517567345184
5 21 1.1284616350480288
5 22 1.115265797510896
5 23 1.1017664215639225
5 24 1.0879646524918827
5 25 1.073860712743149
5 26 1.0594539887618803
5 27 1.044743099849423
5 28 1.029725952465961
5 29 1.0143997825703202
5 30 0.9987611879894089
5 31 0.982806152350508
5 32 0.9665300617585258
5 33 0.9499277151277216
5 34 0.9329933288625172
5 35 0.915720536410044
5 36 0.8981023830668244
5 37 0.8801313163054717
5 38 0.8617991717880755
5 39 0.843097155146377
5 40 0.8240158195310041
5 41 0.8045450388599729
5 42 0.7846739766276605
5 43 0.7643910500673708
5 44 0.7436838893913388
5 45 0.7225392917595956
5 46 0.7009431695516389
5 47 0.6788804924301665
5 48 0.6788804924301672
5 49 0.7009431695516389
6 0 1.2397866171026861
6 1 1.27080962917035
6 2 1.274371696852521
6 3 1.2733791338222942
6 4 1.2699864289570215
6 5 1.2650216983884164
6 6 1.2589059763610047
6 7 1.2518868405966532
6 8 1.2441236566530274
6 9 1.2357255238305034
6 10 1.2267705040491863
6 11 1.2173163074597981
6 12 1.2074066569189468
6 13 1.1970752897373687
6 14 1.1863485856970293
6 15 1.1752473555819565
6 16 1.1637880950838868
6 17 1.1519838861620688
6 18 1.1398450588763256
6 19 1.1273796861998404
6 20 1.1145939596764554
6 21 1.101492478319282
6 22 1.088078473165236
6 23 1.0743539832978
6 24 1.0603199946863788
6 25 1.0459765501119616
6 26 1.0313228362868212
6 27 1.0163572527323346
6 28 1.0010774658596637
6 29 0.9854804508745537
6 30 0.9695625235131019
6 31 0.9533193631506613
6 32 0.9367460284698087
6 33 0.9198369665961238
6 34 0.902586016391774
6 35 0.8849864064211886
6 36 0.8670307479593565
6 37 0.8487110232931963
6 38 0.830018569463544
6 39 0.810944057504803
6 40 0.7914774671571762
6 41 0.7716080569495345
6 42 0.7513243294765841
6 43 0.7306139916197287
6 44 0.70946390938466
6 45 0.6878600569480174
6 46 0.66578745941836
6 47 0.6432301287207003
6 48 0.6657874594183604
6 49 0.6878600569480174
7 0 1.215689083809078
7 1 1.2470513725382824
7 2 1.2506286453633366
7 3 1.2495973461930026
7 4 1.2461370130612803
7 5 1.2410852771846088
7 6 1.234867941860795
7 7 1.2277353388026808
7 8 1.2198485653580278
7 9 1.2113178707934305
7 10 1.2022221074959583
7 11 1.1926195396286552
7 12 1.1825542805524436
7 13 1.1720603401863021
7 14 1.1611642827721806
7 15 1.1498870354721669
7 16 1.138245156178952
7 17 1.1262517447160472
7 18 1.1139171117449056
7 19 1.1012492787154324
7 20 1.0882543572703047
7 21 1.074936840867237
7 22 1.0612998312860595
7 23 1.0473452160090344
7 24 1.03307380794733
7 25 1.0184854558721887
7 26 1.0035791317220737
7 27 0.9883529993951929
7 28 0.9728044685039537
7 29 0.9569302357342153
7 30 0.9407263158298428
7 31 0.9241880637520627
7 32 0.9073101892015125
7 33 0.890086764409198
7 34 0.8725112258796438
7 35 0.8545763705899538
7 36 0.8362743470009362
7 37 0.8175966411124838
7 38 0.7985340576884181
7 39 0.7790766966811026
7 40 0.7592139247991391
7 41 0.7389343420791483
7 42 0.7182257432420358
7 43 0.6970750735327748
7 44 0.6754683786581086
7 45 0.6533907483462947
7 46 0.6308262529546316
7 47 0.6308262529546318
7 48 0.6533907483462948
7 49 0.6754683786581086
8 0 1.1919515490789587
8 1 1.2236423298848236
8 2 1.2272294006511886
8 3 1.226154775174395
8 4 1.2226226022166096
8 5 1.2174798554342543
8 6 1.211157016365082
8 7 1.203907114773557
8 8 1.1958929415239046
8 9 1.187225867543943
8 10 1.177985513427791
8 11 1.1682306789385317
8 12 1.1580058520536196
8 13 1.1473453010921386
8 14 1.1362757616604
8 15 1.1248182649173877
8 16 1.112989418998809
8 17 1.1008023298359506
8 18 1.088267276961186
8 19 1.0753922184514653
8 20 1.0621831739556957
8 21 1.0486445189304086
8 22 1.03477921299778
8 23 1.020588978586797
8 24 1.0060744414521126
8 25 0.991235241515598
8 26 0.9760701202634549
8 27 0.9605769893518039
8 28 0.9447529839274976
8 29 0.9285945033269923
8 30 0.9120972411858709
8 31 0.8952562065140879
8 32 0.8780657369250399
8 33 0.8605195049201227
8 34 0.8426105179031809
8 35 0.8243311124155099
8 36 0.805672942930421
8 37 0.7866269654180966
8 38 0.7671834157799665
8 39 0.7473317831519544
8 40 0.7270607779834296
8 41 0.7063582947101379
8 42 0.6852113687516451
8 43 0.6636061274741956
8 44 0.6415277346656907
8 45 0.6189603279679238
8 46 0.5958869485996526
8 47 0.6189603279679238
8 48 0.6415277346656902
8 49 0.6636061274741952
9 0 1.1684664378125935
9 1 1.200477596539914
9 2 1.2040697990306264
9 3 1.2029476848035685
9 4 1.1993397256156382
9 5 1.1941021224910953
9 6 1.1876699734777973
9 7 1.1802989674281197
9 8 1.1721535612789393
9 9 1.1633462266454937
9 10 1.1539573352394163
9 11 1.1440462077622373
9 12 1.1336576936909508
9 13 1.1228263076027134
9 14 1.1115789449135864
9 15 1.0999367295353761
9 16 1.0879163087059627
9 17 1.0755307832643188
9 18 1.0627903902212152
9 19 1.0497030125816025
9 20 1.0362745658931871
9 21 1.0225092950009833
9 22 1.0084100041655508
9 23 0.9939782368753408
9 24 0.9792144170671048
9 25 0.9641179602840166
9 26 0.9486873610642467
9 27 0.9329202612549071
9 28 0.916813502786737
9 29 0.900363167590833
9 30 0.8835646067003949
9 31 0.8664124600964235
9 32 0.8489006684837136
9 33 0.8310224778920967
9 34 0.8127704377660236
9 35 0.7941363930173526
9 36 0.7751114703600205
9 37 0.7556860591122658
9 38 0.7358497865354707
9 39 0.7155914876731694
9 40 0.6948991695549397
9 41 0.6737599695341742
9 42 0.6521601074326663
9 43 0.6300848310657889
9 44 0.607518354616553
9 45 0.5844437892121559
9 46 0.5844437892121559
9 47 0.607518354616553
9 48 0.6300848310657889
9 49 0.6521601074326661
10 0 1.1451544715332358
10 1 1.1774798453980988
10 2 1.1810730335383832
10 3 1.1798995551710587
10 4 1.1762120288685187
10 5 1.1708758105003685
10 6 1.1643305743378074
10 7 1.1568346418297535
10 8 1.148554116459005
10 9 1.1396025548759674
10 10 1.1300610665361521
10 11 1.119989481076155
10 12 1.1094329982808384
10 13 1.0984263682387052
10 14 1.0869966356183245
10 15 1.075165006528398
10 16 1.0629481566081544
10 17 1.0503591706388224
10 18 1.0374082317765405
10 19 1.0241031361608897
10 20 1.0104496828976521
10 21 0.9964519732477225
10 22 0.982112642421048
10 23 0.9674330404736358
10 24 0.9524133741393324
10 25 0.9370528182090843
10 26 0.9213496028088972
10 27 0.9053010813119359
10 28 0.888903782447296
10 29 0.8721534493036075
10 30 0.8550450672791428
10 31 0.837572882539304
10 32 0.8197304121639521
10 33 0.8015104468704524
10 34 0.7829050469614531
10 35 0.763905531953362
10 36 0.7445024641802667
10 37 0.7246856265297775
10 38 0.704443994344861
10 39 0.6837657014138312
10 40 0.6626379998645887
10 41 0.6410472136751191
10 42 0.6189786854066865
10 43 0.596416715655699
10 44 0.5733444946016677
10 45 0.5497440248984145
10 46 0.5733444946016673
10 47 0.5964167156556992
10 48 0.6189786854066863
10 49 0.6410472136751191
11 0 1.1219548473866392
11 1 1.154589755983399
11 2 1.158180158447186
11 3 1.1569516342354726
11 4 1.1531808586693182
11 5 1.147742302719663
11 6 1.1410801930633003
11 7 1.1334554667910146
11 8 1.1250358604194939
11 9 1.1159360039876696
11 10 1.1062377340814515
11 11 1.0960013792061563
11 12 1.0852724796267024
11 13 1.0740860111427086
11 14 1.0624691577481478
11 15 1.0504431975740327
11 16 1.0380248241387544
11 17 1.025227095208172
11 18 1.0120601286098116
11 19 0.9985316215498956
11 20 0.9846472439532179
11 21 0.9704109400079299
11 22 0.9558251615535828
11 23 0.9408910499766485
11 24 0.9256085785616246
11 25 0.9099766639921881
11 26 0.8939932534107684
11 27 0.8776553918111013
11 28 0.8609592733519421
11 29 0.8439002793053144
11 30 0.8264730046978069
11 31 0.8086712752056432
11 32 0.7904881554797815
11 33 0.7719159497750901
11 34 0.7529461955155119
11 35 0.733569650228669
11 36 0.7137762721166562
11 37 0.6935551943854978
11 38 0.6728946933268067
11 39 0.6517821500259469
11 40 0.6302040054565359
11 41 0.6081457086074523
11 42 0.5855916571716798
11 43 0.5625251302028041
11 44 0.5389282120108878
11 45 0.5389282120108878
11 46 0.5625251302028041
11 47 0.5855916571716798
11 48 0.6081457086074523
11 49 0.6302040054565359
12 0 1.0988193814630298
12 1 1.131760306636341
12 2 1.1353444263193886
12 3 1.1340573029743952
12 4 1.1301996474328153
12 5 1.124655032157291
12 6 1.1178722254947437
12 7 1.1101147707571244
12 8 1.1015520286963139
12 9 1.0922996941951153
12 10 1.0824403224569263
12 11 1.0720347322254804
12 12 1.0611287953884727
12 13 1.0497577042850967
12 14 1.0379487726743661
12 15 1.025723340692794
12 16 1.013098109200353
12 17 1.00008609782567
12 18 0.9866973472969753
12 19 0.9729394434006209
12 20 0.9588179136074414
12 21 0.9443365308980135
12 22 0.9294975486636319
12 23 0.9143018835123532
12 24 0.8987492580435121
12 25 0.8828383123658022
12 26 0.8665666908231222
12 27 0.8499311087404975
12 28 0.8329274028023141
12 29 0.8155505677896545
12 30 0.7977947817400761
12 31 0.7796534210880885
12 32 0.7611190669537222
12 33 0.7421835034383659
12 34 0.7228377085391341
12 35 0.7030718380886591
12 36 0.6828752029542913
12 37 0.6622362395796781
12 38 0.6411424738153019
12 39 0.6195804778568411
12 40 0.5975358199861038
12 41 0.5749930066843673
12 42 0.5519354165580379
12 43 0.5283452253775852
12 44 0.5042033213783588
12 45 0.5283452253775852
12 46 0.5519354165580372
12 47 0.5749930066843673
12 48 0.597535819986104
12 49 0.6195804778568411
13 0 1.075708820231423
13 1 1.108953179534308
13 2 1.1125277211742841
13 3 1.1111785261424336
13 4 1.1072303762190374
13 5 1.101575953205904
13 6 1.0946685670781746
13 7 1.0867743640657699
13 8 1.0780643241463683
13 9 1.068655200958965
13 10 1.0586302614379384
13 11 1.0480508070077053
13 12 1.036963033003316
13 13 1.0254023395241634
13 14 1.0133961607012438
13 15 1.000965888644879
13 16 0.9881282208503868
13 17 0.974896127383708
13 18 0.9612795596767549
13 19 0.9472859790677939
13 20 0.9329207566473204
13 21 0.9181874792892093
13 22 0.9030881859818317
13 23 0.8876235514529123
13 24 0.8717930292659117
13 25 0.8555949632425515
13 26 0.8390266737302767
13 27 0.8220845235632058
13 28 0.8047639673511751
13 29 0.7870595868351328
13 30 0.7689651143747701
13 31 0.7504734461215964
13 32 0.7315766460329497
13 33 0.7122659415677941
13 34 0.6925317116508615
13 35 0.6723634672807883
13 36 0.6517498249779835
13 37 0.6306784731093186
13 38 0.6091361309817513
13 39 0.5871085004595309
13 40 0.564580209724245
13 41 0.5415347486589605
13 42 0.5179543951923968
13 43 0.493820131781874
13 44 0.493820131781874
13 45 0.5179543951923968
13 46 0.5415347486589605
13 47 0.564580209724245
13 48 0.5871085004595309
13 49 0.6091361309817513
14 0 1.0525904127064916
14 1 1.0861363943384328
14 2 1.0896982105605286
14 3 1.0882835158194801
14 4 1.0842412461829751
14 5 1.0784732187123465
14 6 1.0714372939296557
14 7 1.0634022227655067
14 8 1.0545406025266706
14 9 1.0449702415018296
14 10 1.0347751127430758
14 11 1.0240169935963173
14 12 1.0127423951294454
14 13 1.0009869166304788
14 14 0.9887781032179296
14 15 0.9761373887886718
14 16 0.9630814564703236
14 17 0.949623214917371
14 18 0.9357725135275529
14 19 0.9215366755092191
14 20 0.9069209008812641
14 21 0.891928574634425
14 22 0.8765615044063649
14 23 0.8608201048282119
14 24 0.8447035408339351
14 25 0.82820983886563
14 26 0.8113359725467875
14 27 0.7940779277067477
14 28 0.7764307504114671
14 29 0.7583885807481109
14 30 0.7399446744293757
14 31 0.7210914137627462
14 32 0.7018203091248304
14 33 0.6821219917593251
14 34 0.6619861984557914
14 35 0.6414017484482448
14 36 0.6203565126846979
14 37 0.59883737545143
14 38 0.5768301881808955
14 39 0.5543197151233887
14 40 0.5312895704140742
14 41 0.5077221459135894
14 42 0.4835985290369663
14 43 0.4588984096069089
14 44 0.4835985290369659
14 45 0.5077221459135892
14 46 0.5312895704140742
14 47 0.5543197151233887
14 48 0.5768301881808955
14 49 0.5988373754514291
15 0 1.0294362530251646
15 1 1.0632826926530408
15 2 1.0668287424984448
15 3 1.065345136085926
15 4 1.0612050885362543
15 5 1.0553195936613335
15 6 1.0481510791234148
15 7 1.0399709066527532
15 8 1.030953291592635
15 9 1.0212170943948926
15 10 1.010846989617772
15 11 0.9999052243539305
15 12 0.9884386179745759
15 13 0.9764829604425423
15 14 0.9640658983556055
15 15 0.9512088969339045
15 16 0.9379286135247352
15 17 0.9242378829907663
15 18 0.9101464393104958
15 19 0.8956614531203031
15 20 0.8807879378026068
15 21 0.8655290596986948
15 22 0.8498863770365644
15 23 0.8338600248949715
15 24 0.817448858607917
15 25 0.8006505646200527
15 26 0.7834617454168925
15 27 0.7658779834460084
15 28 0.7478938877027241
15 29 0.7295031257346458
15 30 0.7106984431280532
15 31 0.6914716720099788
15 32 0.6718137296868414
15 33 0.6517146082112637
15 34 0.6311633553995507
15 35 0.6101480475958388
15 36 0.5886557542821405
15 37 0.5666724944560253
15 38 0.5441831845314498
15 39 0.521171577356229
15 40 0.497620191775757
15 41 0.47351023200107456
15 42 0.4488214958544609
15 43 0.4488214958544609
15 44 0.473510232001075
15 45 0.497620191775757
15 46 0.521171577356229
15 47 0.5441831845314498
15 48 0.5666724944560253
15 49 0.5886557542821402
16 0 1.0062221135325646
16 1 1.04036840053037
16 2 1.043895716680253
16 3 1.0423397795659433
16 4 1.038098244703248
16 5 1.0320913378348713
16 6 1.0247860770591275
16 7 1.0164564447352213
16 8 1.0072782771634234
16 9 0.9973714858107459
16 10 0.9868214429166373
16 11 0.9756908595572452
16 12 0.9640268561171128
16 13 0.9518654046505993
16 14 0.9392342434873734
16 15 0.92615485832362
16 16 0.9126438688003323
16 17 0.8987140229741016
16 18 0.884374925268961
16 19 0.8696335784415966
16 20 0.8544947926897984
16 21 0.8389614978337558
16 22 0.8230349833987977
16 23 0.8067150840840853
16 24 0.7900003231336299
16 25 0.7728880226963099
16 26 0.7553743878491148
16 27 0.7374545692307679
16 28 0.7191227079753068
16 29 0.7003719657039944
16 30 0.6811945416323929
16 31 0.6615816783111693
16 32 0.6415236570977052
16 33 0.6210097841179003
16 34 0.600028367199691
16 35 0.5785666840240358
16 36 0.5566109415320202
16 37 0.5341462264377032
16 38 0.5111564465167752
16 39 0.4876242621636861
16 40 0.46353100752790494
16 41 0.43885660034707935
16 42 0.4135794393844399
16 43 0.43885660034707935
16 44 0.46353100752790494
16 45 0.4876242621636861
16 46 0.5111564465167749
16 47 0.5341462264377032
16 48 0.55661094153202
16 49 0.5785666840240358
17 0 0.982926601135685
17 1 1.0173726060365158
17 2 1.020878268230672
17 3 1.0192465549488365
17 4 1.0148997563434992
17 5 1.008767397524728
17 6 1.0013211162800773
17 7 0.992837528703561
17 8 0.9834940968790654
17 9 0.9734117832547252
17 10 0.9626766545375695
17 11 0.9513518802910482
17 12 0.9394848746379155
17 13 0.9271117829591158
17 14 0.9142604252251267
17 15 0.9009522962764742
17 16 0.8872039655092415
17 17 0.8730280804256536
17 18 0.8584341009070043
17 19 0.8434288455495503
17 20 0.8280169037216655
17 21 0.8122009496244657
17 22 0.7959819834233519
17 23 0.7793595170981067
17 24 0.7623317176392731
17 25 0.7448955167524517
17 26 0.7270466937933175
17 27 0.7087799369093004
17 28 0.6900888860909119
17 29 0.6709661608918894
17 30 0.6514033748650405
17 31 0.6313911382126227
17 32 0.6109190497192941
17 33 0.5899756786886083
17 34 0.5685485373164147
17 35 0.5466240436880905
17 36 0.524187475367662
17 37 0.501222913344384
17 38 0.4777131759073105
17 39 0.4536397418228707
17 40 0.42898266198710505
17 41 0.40372045850593724
17 42 0.40372045850593674
17 43 0.42898266198710505
17 44 0.4536397418228705
17 45 0.4777131759073105
17 46 0.501222913344384
17 47 0.524187475367662
17 48 0.5466240436880905
17 49 0.5685485373164145
18 0 0.9595305330634708
18 1 0.9942765506584789
18 2 0.9977576636056514
18 3 0.9960466855670242
18 4 0.991590765667161
18 5 0.9853288069757714
18 6 0.977737101602132
18 7 0.9690949154009226
18 8 0.9595813427270206
18 9 0.9493183979059896
18 10 0.9383928393632285
18 11 0.926868289795927
18 12 0.9147924496941243
18 13 0.9022016287162419
18 14 0.8891237179404763
18 15 0.8755802094384988
18 16 0.8615876091122918
18 17 0.8471584493265373
18 18 0.8323020294730186
18 19 0.8170249666221954
18 20 0.801331610452225
18 21 0.785224359092143
18 22 0.7687039011861736
18 23 0.7517694019897777
18 24 0.7344186462356795
18 25 0.7166481470050216
18 26 0.6984532273730639
18 27 0.67982807983167
18 28 0.6607658072018546
18 29 0.6412584477927332
18 30 0.6212969868393916
18 31 0.6008713556936447
18 32 0.5799704198005656
18 33 0.5585819561362413
18 34 0.5366926204834301
18 35 0.5142879046633173
18 36 0.4913520836089943
18 37 0.467868151948195
18 38 0.4438177495496163
18 39 0.41918107527028253
18 40 0.3939367879127792
18 41 0.36806189315265103
18 42 0.3939367879127789
18 43 0.41918107527028253
18 44 0.44381774954961584
18 45 0.46786815194819453
18 46 0.4913520836089941
18 47 0.5142879046633173
18 48 0.5366926204834304
18 49 0.5585819561362417
19 0 0.9360164653595944
19 1 0.9710631695722328
19 2 0.9745168441604813
19 3 0.9727230548825245
19 4 0.9681540621181485
19 5 0.9617582357952639
19 6 0.9540165619047504
19 7 0.9452109747240215
19 8 0.9355222088272986
19 9 0.9250733320907452
19 10 0.913951792246767
19 11 0.902221659804716
19 12 0.8899309140537145
19 13 0.8771160194995947
19 14 0.8638049272578608
19 15 0.8500191140403969
19 16 0.8357750081961105
19 17 0.8210850114302112
19 18 0.8059582456295822
19 19 0.7904011077709184
19 20 0.7744176876379724
19 21 0.7580100853411824
19 22 0.74117865418699
19 23 0.7239221868702013
19 24 0.7062380578371777
19 25 0.6881223311268765
19 26 0.6695698405035031
19 27 0.6505742469064055
19 28 0.6311280769372951
19 29 0.6112227451339828
19 30 0.5908485620437813
19 31 0.569994729539636
19 32 0.5486493243696965
19 33 0.5267992705618345
19 34 0.5044303009932958
19 35 0.4815269081632357
19 36 0.4580722839574158
19 37 0.4340482479580974
19 38 0.4094351636174752
19 39 0.38421184137096254
19 40 0.35835542750785665
19 41 0.35835542750785665
19 42 0.3842118413709623
19 43 0.4094351636174752
19 44 0.4340482479580969
19 45 0.45807228395741606
19 46 0.48152690816323523
19 47 0.5044303009932958
19 48 0.5267992705618341
19 49 0.5486493243696965
20 0 0.9123683300568068
20 1 0.9477167378383792
20 2 0.9511400747908492
20 3 0.9492598564966055
20 4 0.9445737331860092
20 5 0.9380396401942651
20 6 0.9301433015259407
20 7 0.9211693409510736
20 8 0.9113001425070654
20 9 0.9006598299393557
20 10 0.8893365381017492
20 11 0.8773947799248363
20 12 0.8648828056354687
20 13 0.8518372246817955
20 14 0.8382860365140246
20 15 0.8242506891177844
20 16 0.8097475183176692
20 17 0.7947887785899381
20 18 0.7793833961158625
20 19 0.7635375278816527
20 20 0.7472549820917793
20 21 0.7305375372478499
20 22 0.7133851856814637
20 23 0.695796319676891
20 24 0.6777678731397182
20 25 0.659295428188452
20 26 0.6403732935245445
20 27 0.6209945596265474
20 28 0.6011511344911407
20 29 0.5808337626581992
20 30 0.5600320295077547
20 31 0.5387343522340735
20 32 0.5169279584371096
20 33 0.49459885288915334
20 34 0.471731772708771
20 35 0.4483101308855619
20 36 0.4243159478323797
20 37 0.3997297703838761
20 38 0.37453057740041923
20 39 0.34869567086429026
20 40 0.3222005510604637
20 41 0.34869567086429026
20 42 0.37453057740041873
20 43 0.3997297703838758
20 44 0.42431594783237897
20 45 0.4483101308855619
20 46 0.4717317727087712
20 47 0.4945988528891531
20 48 0.5169279584371098
20 49 0.5387343522340731
21 0 0.9327915751328841
21 1 0.9242225934322975
21 2 0.9276126687813301
21 3 0.925642319959317
21 4 0.9208348907215465
21 5 0.9141579895064668
21 6 0.9061021267568506
21 7 0.8969546390273738
21 8 0.8868995702183969
21 9 0.8760621027937138
21 10 0.8645310566666926
21 11 0.8523713816334597
21 12 0.8396315906109745
21 13 0.8263484275158967
21 14 0.8125499277017959
21 15 0.7982574961848222
21 16 0.7834873602741776
21 17 0.7682516094846396
21 18 0.7525589547808412
21 19 0.736415291796867
21 20 0.7198241238432548
21 21 0.7027868824148554
21 22 0.6853031712299134
21 23 0.6673709520982423
21 24 0.6489866856816354
21 25 0.6301454365911928
21 26 0.6108409497156786
21 27 0.5910657028427888
21 28 0.5708109392940103
21 29 0.5500666832924291
21 30 0.5288217400192337
21 31 0.5070636817181653
21 32 0.4847788207280382
21 33 0.4619521699260317
21 34 0.4385673907221363
21 35 0.4146067284378448
21 36 0.39005093461368945
21 37 0.36487917550717663
21 38 0.33906892575287456
21 39 0.31259584584856237
21 40 0.31259584584856237
21 41 0.33906892575287456
21 42 0.36487917550717636
21 43 0.39005093461368945
21 44 0.4146067284378446
21 45 0.4385673907221363
21 46 0.461952169926031
21 47 0.4847788207280382
21 48 0.5070636817181653
21 49 0.5288217400192337
22 0 0.9523020542097922
22 1 0.9005669169475043
22 2 0.9039207688569488
22 3 0.9018564924722371
22 4 0.8969234529167651
22 5 0.8900990481927782
22 6 0.8818786276780783
22 7 0.8725522660737085
22 8 0.8623056785788853
22 9 0.8512651096519366
22 10 0.8395200622324739
22 11 0.8271359171694289
22 12 0.8141614413434194
22 13 0.8006335020017752
22 14 0.7865801571413727
22 15 0.7720227535825398
22 16 0.7569773929938524
22 17 0.7414559809091715
22 18 0.7254669921201095
22 19 0.7090160379340935
22 20 0.692106291660456
22 21 0.6747388104018301
22 22 0.6569127794238458
22 23 0.6386256975624479
22 24 0.6198735168372486
22 25 0.6006507457806204
22 26 0.5809505234117157
22 27 0.560764668928924
22 28 0.5400837108338251
22 29 0.5188968981815176
22 30 0.4971921958729591
22 31 0.4749562652930586
22 32 0.4521744311032363
22 33 0.42883063458250753
22 34 0.404907373549748
22 35 0.3803856285705757
22 36 0.35524477483844774
22 37 0.32946247880653523
22 38 0.3030145783215274
22 39 0.2758749446598454
22 40 0.3030145783215276
22 41 0.32946247880653473
22 42 0.35524477483844724
22 43 0.3803856285705757
22 44 0.404907373549748
22 45 0.42883063458250753
22 46 0.4521744311032363
22 47 0.4749562652930586
22 48 0.4971921958729589
22 49 0.5188968981815174
23 0 0.9709632235370418
23 1 0.8767365537174259
23 2 0.8800511702931703
23 3 0.8778890624080259
23 4 0.872825967919293
23 5 0.8658491993344546
23 6 0.8574590013632197
23 7 0.8479482141581707
23 8 0.8375042365844889
23 9 0.8262543787033554
23 10 0.814288824384616
23 11 0.8016733793689795
23 12 0.788457055201505
23 13 0.7746768305596929
23 14 0.7603607718898853
23 15 0.74553015149406
23 16 0.7302009270181167
23 17 0.714384799574791
23 18 0.6980899852341119
23 19 0.6813217862277393
23 20 0.6640830187852428
23 21 0.6463743360459827
23 22 0.6281944725628283
23 23 0.609540429017604
23 24 0.5904076104198561
23 25 0.5707899273605311
23 26 0.5506798672805776
23 27 0.530068540834334
23 28 0.5089457070466274
23 29 0.48729977992618395
23 30 0.4651178184015017
23 31 0.44238550081626454
23 32 0.4190870847082651
23 33 0.3952053521614107
23 34 0.37072154063669505
23 35 0.34561525883320865
23 36 0.31986438678637774
23 37 0.29344495906200807
23 38 0.26633102953667753
23 39 0.26633102953667753
23 40 0.29344495906200807
23 41 0.31986438678637774
23 42 0.34561525883320837
23 43 0.37072154063669505
23 44 0.39520535216141045
23 45 0.4190870847082651
23 46 0.44238550081626454
23 47 0.4651178184015017
23 48 0.4872997799261844
23 49 0.5089457070466274
24 0 0.9888312734687665
24 1 0.8748352959099149
24 2 0.8559911758998733
24 3 0.8537272145104954
24 4 0.848529468977475
24 5 0.8413952995333855
24 6 0.8328299063833597
24 7 0.823128924274496
24 8 0.8124814489425498
24 9 0.8010158599026014
24 10 0.7888230197066416
24 11 0.7759691523856914
24 12 0.7625035041802852
24 13 0.7484631524313912
24 14 0.7338761567955382
24 15 0.7187636975162995
24 16 0.7031415684454286
24 17 0.6870212442679474
24 18 0.6704106580310987
24 19 0.6533147761896521
24 20 0.6357360286467998
24 21 0.6176746326031947
24 22 0.5991288369740239
24 23 0.5800951061533689
24 24 0.5605682564980938
24 25 0.5405415551609548
24 26 0.520006788258809
24 27 0.4989543034559153
24 28 0.4773730306395268
24 29 0.4552504833089088
24 30 0.4325727424834778
24 31 0.40932442428733434
24 32 0.3854886318337307
24 33 0.36104689157574826
24 34 0.33597907387981596
24 35 0.31026329719365187
24 36 0.2838758148007512
24 37 0.256790882762419
24 38 0.22898060722915442
24 39 0.256790882762419
24 40 0.2838758148007512
24 41 0.31026329719365214
24 42 0.33597907387981596
24 43 0.36104689157574826
24 44 0.3854886318337305
24 45 0.40932442428733434
24 46 0.4325727424834776
24 47 0.45525048330890927
24 48 0.4773730306395268
24 49 0.4989543034559153
25 0 1.0059561961965384
25 1 0.8924115118837627
25 2 0.8384749792930872
25 3 0.8293585093540122
25 4 0.8240213537176478
25 5 0.8167245578361964
25 6 0.8079783412388397
25 7 0.7980811641586717
25 8 0.7872238331585639
25 9 0.7755358012151234
25 10 0.7631086070728748
25 11 0.7500088859165478
25 12 0.7362861079418735
25 13 0.7219774354104537
25 14 0.7071109047845093
25 15 0.6917075853604603
25 16 0.6757830858907825
25 17 0.6593486309006882
25 18 0.6424118441846756
25 19 0.6249773275720775
25 20 0.6070470930076651
25 21 0.5886208871312006
25 22 0.5696964353596147
25 23 0.5502696244088506
25 24 0.5303346367250986
25 25 0.5098840465087843
25 26 0.488908884337158
25 27 0.46739867545831376
25 28 0.44534145540317455
25 29 0.4227237654843462
25 30 0.39953062991415905
25 31 0.37574551560385433
25 32 0.351350275148487
25 33 0.3263250730182525
25 34 0.30064829453679404
25 35 0.2742964368062874
25 36 0.24724398031716183
25 37 0.2194632395383047
25 38 0.21946323953830443
25 39 0.24724398031716183
25 40 0.2742964368062874
25 41 0.30064829453679426
25 42 0.326325073018252
25 43 0.3513502751484872
25 44 0.37574551560385433
25 45 0.39953062991415883
25 46 0.4227237654843462
25 47 0.4453414554031743
25 48 0.4673986754583142
25 49 0.488908884337158
26 0 1.022382659749917
26 1 0.9092632209339441
26 2 0.8554926819274473
26 3 0.8112389767625833
26 4 0.799289282051983
26 5 0.7918244331905295
26 6 0.7828915412324426
26 7 0.7727919244603367
26 8 0.7617181148928145
26 9 0.7498006430473593
26 10 0.7371317210387087
26 11 0.72377838743479
26 12 0.709790324767313
26 13 0.6952047653817378
26 14 0.6800497048468368
26 15 0.6643460811317876
26 16 0.6481092948933624
26 17 0.6313502948647025
26 18 0.6140763672349024
26 19 0.5962917179960283
26 20 0.5779979068761917
26 21 0.5591941724161722
26 22 0.5398776754369115
26 23 0.5200436799905014
26 24 0.4996856853581795
26 25 0.4787955188269126
26 26 0.4573633962635518
26 27 0.435377955543548
26 28 0.4128262664396327
26 29 0.38969381947442616
26 30 0.36596449538066933
26 31 0.3416205161174241
26 32 0.31664237780580723
26 33 0.2910087654329245
26 34 0.26469644869652587
26 35 0.23768015789962754
26 36 0.2099324383316655
26 37 0.1814234810693567
26 38 0.2099324383316655
26 39 0.23768015789962726
26 40 0.26469644869652587
26 41 0.2910087654329245
26 42 0.31664237780580695
26 43 0.3416205161174241
26 44 0.36596449538066933
26 45 0.3896938194744259
26 46 0.41282626643963316
26 47 0.43537795554354897
26 48 0.4573633962635518
26 49 0.4787955188269124
27 0 1.0381507292935441
27 1 0.925431953791338
27 2 0.8718151413212896
27 3 0.8276729547284449
27 4 0.7883122272245787
27 5 0.7666825462891977
27 6 0.7575568896424623
27 7 0.7472483291275417
27 8 0.7359511374431771
27 9 0.7237969267135056
27 10 0.7108785791739844
27 11 0.6972635282669984
27 12 0.6830016562469243
27 13 0.6681302494851684
27 14 0.652677243522557
27 15 0.6366634229737261
27 16 0.6201039555390347
27 17 0.6030094864348134
27 18 0.5853869335551704
27 19 0.5672400732407274
27 20 0.5485699758511582
27 21 0.5293753310747313
27 22 0.5096526904651465
27 23 0.4893966464511673
27 24 0.46859996147166944
27 25 0.44725365700960595
27 26 0.4253470695487284
27 27 0.40286787848411937
27 28 0.3798021095383713
27 29 0.35613411610749596
27 30 0.33184654007356007
27 31 0.30692025289708513
27 32 0.281334277185596
27 33 0.2550656883833539
27 34 0.22808949570844544
27 35 0.20037850094943416
27 36 0.17190313319999875
27 37 0.17190313319999848
27 38 0.20037850094943416
27 39 0.228089495708446
27 40 0.2550656883833539
27 41 0.281334277185596
27 42 0.3069202528970854
27 43 0.33184654007355985
27 44 0.3561341161074957
27 45 0.3798021095383708
27 46 0.4028678784841196
27 47 0.4253470695487284
27 48 0.44725365700960595
27 49 0.46859996147166966
28 0 1.0532964668737619
28 1 0.9409550800645473
28 2 0.8874803097517456
28 3 0.8434397487040359
28 4 0.80415867358173
28 5 0.7678296733023877
28 6 0.7335263484765446
28 7 0.7214375568323829
28 8 0.7099097821778234
28 9 0.6975112137569932
28 10 0.6843354001501717
28 11 0.6704501603159084
28 12 0.6559055624996682
28 13 0.6407389296815531
28 14 0.6249781166509059
28 15 0.6086437308222841
28 16 0.5917506800241861
28 17 0.5743092759265085
28 18 0.5563260348646647
28 19 0.5378042668459015
28 20 0.5187445125186808
28 21 0.49914486841571964
28 22 0.4790012282027884
28 23 0.4583074593281115
28 24 0.4370555288085166
28 25 0.41523558796009774
28 26 0.3928360230924396
28 27 0.3698434771594415
28 28 0.3462428458504125
28 29 0.32201725044788104
28 30 0.29714798886105137
28 31 0.27161446548678597
28 32 0.245394099896137
28 33 0.21846221374998062
28 34 0.1907918947776331
28 35 0.16235383607746606
28 36 0.13311614839105665
28 37 0.16235383607746606
28 38 0.19079189477763364
28 39 0.21846221374998062
28 40 0.24539409989613728
28 41 0.27161446548678625
28 42 0.29714798886105087
28 43 0.32201725044788104
28 44 0.3462428458504125
28 45 0.36984347715944227
28 46 0.39283602309243987
28 47 0.4152355879600975
28 48 0.4370555288085166
28 49 0.4583074593281115
29 0 1.0678524335323236
29 1 0.9558663300040672
29 2 0.9025224339172978
29 3 0.8585740125366174
29 4 0.8193639104580712
29 5 0.7830914513089472
29 6 0.7488336261008737
29 7 0.7160416465187083
29 8 0.6843570547016073
29 9 0.6709300136505285
29 10 0.6574883300966705
29 11 0.643324040934042
29 12 0.6284873854145718
29 13 0.6130157041995834
29 14 0.5969367488457615
29 15 0.5802709237155705
29 16 0.5630328475851446
29 17 0.5452324660082969
29 18 0.5268758576606061
29 19 0.5079658263710188
29 20 0.48850233921134595
29 21 0.46848285133292156
29 22 0.4479025455224729
29 23 0.4267545060169504
29 24 0.4050298403901805
29 25 0.3827177593442996
29 26 0.35980562140868116
29 27 0.33627894748716397
29 28 0.3121214086517237
29 29 0.2873147893903722
29 30 0.2618389275646911
29 31 0.2356716315369534
29 32 0.2087885742291314
29 33 0.18116316323048776
29 34 0.15276638543988805
29 35 0.12356662408077695
29 36 0.12356662408077695
29 37 0.15276638543988805
29 38 0.18116316323048776
29 39 0.2087885742291314
29 40 0.23567163153695364
29 41 0.2618389275646911
29 42 0.2873147893903727
29 43 0.3121214086517237
29 44 0.33627894748716425
29 45 0.35980562140868066
29 46 0.3827177593442996
29 47 0.4050298403901805
29 48 0.4267545060169509
29 49 0.4479025455224729
30 0 1.081848112337909
30 1 0.9701962340245687
30 2 0.9169725020537453
30 3 0.8731070930028878
30 4 0.8339595900044228
30 5 0.7977357284301743
30 6 0.7635157217596993
30 7 0.7307526348637493
30 8 0.699089159585571
30 9 0.6682759647437517
30 10 0.6381302706596179
30 11 0.6158707639719312
30 12 0.6007322779247496
30 13 0.5849452548592946
30 14 0.5685373186752478
30 15 0.5515286426166369
30 16 0.5339335247288749
30 17 0.5157615090790498
30 18 0.4970181974514904
30 19 0.4777058441598137
30 20 0.45782379494056474
30 21 0.4373688109971631
30 22 0.4163353064034382
30 23 0.39471551854580594
30 24 0.37249962548548105
30 25 0.34967582008802023
30 26 0.3262303478928463
30 27 0.30214751359447206
30 28 0.2774096594274094
30 29 0.2519971175188862
30 30 0.22588813728090104
30 31 0.19905878807282665
30 32 0.17148283661632446
30 33 0.14313159793769248
30 34 0.11397375790906117
30 35 0.08397516472276599
30 36 0.11397375790906088
30 37 0.14313159793769248
30 38 0.17148283661632446
30 39 0.19905878807282665
30 40 0.2258881372809005
30 41 0.2519971175188862
30 42 0.27740965942740864
30 43 0.3021475135944718
30 44 0.32623034789284605
30 45 0.34967582008802023
30 46 0.37249962548548055
30 47 0.39471551854580594
30 48 0.4163353064034384
30 49 0.4373688109971626
31 0 1.095310266859415
31 1 0.9839724950892738
31 2 0.9308586227010415
31 3 0.8870674137149612
31 4 0.8479744020651668
31 5 0.8117914277458149
31 6 0.7776017666423488
31 7 0.7448602390447064
31 8 0.7132106200780617
31 9 0.6824042727667059
31 10 0.6522588659993077
31 11 0.6226354012226311
31 12 0.5934245051373349
31 13 0.564537791406602
31 14 0.5397636879042639
31 15 0.5224001770866974
31 16 0.5044353890773409
31 17 0.4858784279947291
31 18 0.46673437604389906
31 19 0.4470048908264294
31 20 0.4266886446771376
31 21 0.4057816474755941
31 22 0.3842774813752228
31 23 0.3621674672614277
31 24 0.33944077687874324
31 25 0.31608450047565045
31 26 0.2920836768933591
31 27 0.2674212908810931
31 28 0.24207824079917367
31 29 0.21603327860051916
31 30 0.18926292294195604
31 31 0.16174134538360127
31 32 0.13344022882359005
31 33 0.10432859653560289
31 34 0.07437260938448409
31 35 0.07437260938448409
31 36 0.10432859653560289
31 37 0.13344022882359005
31 38 0.16174134538360155
31 39 0.18926292294195604
31 40 0.21603327860051916
31 41 0.24207824079917395
31 42 0.2674212908810934
31 43 0.2920836768933591
31 44 0.31608450047565045
31 45 0.33944077687874324
31 46 0.3621674672614277
31 47 0.3842774813752228
31 48 0.4057816474755941
31 49 0.42668864467713713
32 0 1.1082632465516828
32 1 0.9972203058842719
32 2 0.9442063472608108
32 3 0.9004808019990954
32 4 0.8614344048188407
32 5 0.8252848075173862
32 6 0.7911181953917633
32 7 0.7583910503342212
32 8 0.7267481666633516
32 9 0.6959415541084013
32 10 0.6657892925180393
32 11 0.6361526342951123
32 12 0.6069223418442781
32 13 0.5780100769878215
32 14 0.5493427285911564
32 15 0.520858535810401
32 16 0.49250435447479596
32 17 0.4642336765634665
32 18 0.43600516040697124
32 19 0.4158429299469921
32 20 0.3950759894178287
32 21 0.37369953466319666
32 22 0.3517062467371073
32 23 0.3290864536820392
32 24 0.30582823661147407
32 25 0.28191748993125976
32 26 0.25733794256032877
32 27 0.23207114482015315
32 28 0.2060964239943001
32 29 0.179390810239513
32 30 0.1519289334360377
32 31 0.12368289060934706
32 32 0.0946220826708583
32 33 0.06471301835721474
32 34 0.033919082348173986
32 35 0.06471301835721474
32 36 0.0946220826708583
32 37 0.12368289060934706
32 38 0.1519289334360377
32 39 0.179390810239513
32 40 0.20609642399430092
32 41 0.2320711448201537
32 42 0.25733794256032927
32 43 0.28191748993125976
32 44 0.3058282366114743
32 45 0.3290864536820392
32 46 0.3517062467371078
32 47 0.37369953466319666
32 48 0.39507598941782895
32 49 0.4158429299469921
33 0 1.1207292481861095
33 1 1.0099626202784617
33 2 0.9570389460084069
33 3 0.9133707685471206
33 4 0.8743633075850373
33 5 0.8382397468298568
33 6 0.8040890343414484
33 7 0.7713692233014328
33 8 0.739726065158902
33 9 0.7089121699986256
33 10 0.6787459916015032
33 11 0.64908900202634
33 12 0.61983207162379
33 13 0.5908868847372712
33 14 0.5621802840548112
33 15 0.5336504046539686
33 16 0.5052439473178791
33 17 0.476914202306458
33 18 0.448619581962058
33 19 0.42032250689807255
33 20 0.3919885430549275
33 21 0.3635857198759604
33 22 0.33508398111336885
33 23 0.30645473380941796
33 24 0.27767047045598553
33 25 0.2487044458206364
33 26 0.22196420256813496
33 27 0.19606654344903987
33 28 0.16943194863831526
33 29 0.14203556927286204
33 30 0.11384997063080303
33 31 0.08484497808808328
33 32 0.05498748900338577
33 33 0.024241247825364142
33 34 0.024241247825364142
33 35 0.05498748900338608
33 36 0.08484497808808328
33 37 0.11384997063080274
33 38 0.14203556927286146
33 39 0.16943194863831526
33 40 0.19606654344903987
33 41 0.22196420256813496
33 42 0.24870444582063586
33 43 0.27767047045598553
33 44 0.3064547338094172
33 45 0.33508398111336835
33 46 0.3635857198759601
33 47 0.3919885430549275
33 48 0.4203225068980718
33 49 0.44861958196205776
34 0 1.1327285406515673
34 1 1.0222203866851414
34 2 0.9693776453098201
34 3 0.9257587476993695
34 4 0.8867827137514638
34 5 0.8506779908802105
34 6 0.8165361489516845
34 7 0.7838167252203017
34 8 0.7521663679427173
34 9 0.7213382421417885
34 10 0.6911511389007428
34 11 0.6614667186455073
34 12 0.6321759316223091
34 13 0.6031904585081489
34 14 0.5744370705281706
34 15 0.5458537735818532
34 16 0.5173870879229229
34 17 0.48899007574118164
34 18 0.46062087573510757
34 19 0.43224158986351224
34 20 0.4038174198331968
34 21 0.37531598373899905
34 22 0.34670676445618764
34 23 0.31796065536646434
34 24 0.28904957841500856
34 25 0.25994615594589027
34 26 0.2306234222402779
34 27 0.20105456381687625
34 28 0.17121267975466367
34 29 0.14107055483135642
34 30 0.11060043931351406
34 31 0.07977382990187837
34 32 0.04856124670330801
34 33 0.016932001213641818
34 34 0.048561246703308324
34 35 0.07977382990187867
34 36 0.11060043931351436
34 37 0.14107055483135642
34 38 0.17121267975466395
34 39 0.20105456381687736
34 40 0.23062342224027818
34 41 0.25994615594589027
34 42 0.28904957841500856
34 43 0.31796065536646434
34 44 0.34670676445618764
34 45 0.37531598373899905
34 46 0.40381741983319724
34 47 0.4322415898635125
34 48 0.46062087573510824
34 49 0.48899007574118186
35 0 1.1442796590424038
35 1 1.0340127494760174
35 2 0.9812418323019778
35 3 0.9376643047046176
35 4 0.8987123302426389
35 5 0.8626193624031778
35 6 0.8284794569988251
35 7 0.7957535508608438
35 8 0.764089130202875
35 9 0.7332398702907849
35 10 0.7030248631004001
35 11 0.6733059259864449
35 12 0.6439740605942795
35 13 0.6149409170441059
35 14 0.5861331688721555
35 15 0.5574886665273789
35 16 0.528953722840603
35 17 0.5004811439200364
35 18 0.47202876523308646
35 19 0.44355833847542453
35 20 0.4150346670359459
35 21 0.38642492062049477
35 22 0.35769808070811876
35 23 0.32882448244130813
35 24 0.29977542792511225
35 25 0.2705228523227708
35 26 0.24103902857732223
35 27 0.21129629968749525
35 28 0.1812668296272865
35 29 0.1509223654866945
35 30 0.12023400439994922
35 31 0.08917195943026983
35 32 0.0577053188678054
35 33 0.0577053188678051
35 34 0.08917195943027012
35 35 0.12023400439994893
35 36 0.1509223654866942
35 37 0.1812668296272865
35 38 0.21129629968749525
35 39 0.24103902857732196
35 40 0.2705228523227708
35 41 0.29977542792511225
35 42 0.32882448244130785
35 43 0.35769808070811876
35 44 0.38642492062049477
35 45 0.4150346670359459
35 46 0.44355833847542453
35 47 0.4720287652330867
35 48 0.5004811439200364
35 49 0.528953722840603
36 0 1.155399572843312
36 1 1.0453572234468376
36 2 0.9926492321226109
36 3 0.9491053151130837
36 4 0.9101701487472037
36 5 0.8740819445060789
36 6 0.8399371128401246
36 7 0.8071979080326552
36 8 0.7755125966224974
36 9 0.7446353199427471
36 10 0.714385434496069
36 11 0.6846248828148784
36 12 0.655244688841799
36 13 0.6261564443848309
36 14 0.5972866979544471
36 15 0.5685731169205345
36 16 0.5399617781866693
36 17 0.511405201884393
36 18 0.4828608884807075
36 19 0.45429020528518094
36 20 0.42565752039565974
36 21 0.3969295147734944
36 22 0.36807462417844516
36 23 0.3390625765670609
36 24 0.3098639998875038
36 25 0.2804500815766853
36 26 0.25079226546833444
36 27 0.22086197487816958
36 28 0.1906303527471446
36 29 0.16006801115782499
36 30 0.12914478346289496
36 31 0.09782947278788777
36 32 0.06608959085868578
36 33 0.09782947278788777
36 34 0.12914478346289554
36 35 0.1600680111578244
36 36 0.1906303527471446
36 37 0.22086197487816958
36 38 0.25079226546833444
36 39 0.2804500815766853
36 40 0.3098639998875038
36 41 0.3390625765670601
36 42 0.36807462417844516
36 43 0.3969295147734944
36 44 0.42565752039565924
36 45 0.45429020528518094
36 46 0.4828608884807073
36 47 0.5114052018843924
36 48 0.5399617781866698
36 49 0.5685731169205342
37 0 1.1661038321442811
37 1 1.056269845422015
37 2 1.0036160618473402
37 3 0.9600981205164836
37 4 0.9211726029666601
37 5 0.8850822392194155
37 6 0.8509256671008153
37 7 0.818166378264374
37 8 0.786453362917987
37 9 0.7555411846061809
37 10 0.7252494278594054
37 11 0.6954401281557706
37 12 0.6660043018602334
37 13 0.6368534536745925
37 14 0.6079139784508986
37 15 0.5791233312939292
37 16 0.5504273228419055
37 17 0.5217781552212768
37 18 0.493132959664552
37 19 0.4644526821354753
37 20 0.4357012152086964
37 21 0.40684470700310044
37 22 0.37785099893604907
37 23 0.3486891578844423
37 24 0.31932907762105267
37 25 0.28974113072419544
37 26 0.25989585651754693
37 27 0.22976367360662897
37 28 0.19931460763851938
37 29 0.16851802628030954
37 30 0.13734237425653165
37 31 0.10575490171052507
37 32 0.10575490171052478
37 33 0.1373423742565305
37 34 0.16851802628030896
37 35 0.1993146076385191
37 36 0.2297636736066287
37 37 0.25989585651754665
37 38 0.2897411307241957
37 39 0.3193290776210519
37 40 0.3486891578844421
37 41 0.37785099893604934
37 42 0.40684470700309944
37 43 0.4357012152086959
37 44 0.4644526821354753
37 45 0.49313295966455106
37 46 0.5217781552212768
37 47 0.5504273228419051
37 48 0.5791233312939293
37 49 0.6079139784508981
38 0 1.1764066951196086
38 1 1.0667653063581186
38 2 1.0141571645508756
38 3 0.9706576640973604
38 4 0.931734705386863
38 5 0.8956353052993888
38 6 0.861460205351127
38 7 0.8286740562155315
38 8 0.796926515853203
38 9 0.765972526285966
38 10 0.7356318632589266
38 11 0.7057666223076152
38 12 0.6762677813930177
38 13 0.6470467280904109
38 14 0.6180296734622289
38 15 0.589153829381472
38 16 0.5603647078000478
38 17 0.5316141583963725
38 18 0.5028589061494605
38 19 0.4740594355135957
38 20 0.44517911962542206
38 21 0.41618352542940346
38 22 0.3870398465043222
38 23 0.357716429135475
38 24 0.3281823664101133
38 25 0.2984071413952515
38 26 0.2683603047655529
38 27 0.238011175202521
38 28 0.20732855288065358
38 29 0.1762804376459881
38 30 0.14483374423945727
38 31 0.1129540072198308
38 32 0.14483374423945813
38 33 0.17628043764598783
38 34 0.2073285528806544
38 35 0.23801117520252074
38 36 0.2683603047655529
38 37 0.2984071413952515
38 38 0.3281823664101138
38 39 0.357716429135475
38 40 0.3870398465043222
38 41 0.41618352542940373
38 42 0.44517911962542156
38 43 0.4740594355135957
38 44 0.5028589061494603
38 45 0.5316141583963723
38 46 0.5603647078000482
38 47 0.589153829381472
38 48 0.6180296734622294
38 49 0.6470467280904101
39 0 1.1863212394434002
39 1 1.0768570667218142
39 2 1.0242861263140672
39 3 0.9807976088459041
39 4 0.9418701664615738
39 5 0.9057548781990237
39 6 0.8715544687143824
39 7 0.8387346707838097
39 8 0.8069457547121294
39 9 0.7759429971859707
39 10 0.7455463278510424
39 11 0.7156178685704914
39 12 0.6860485269318879
39 13 0.6567495419324895
39 14 0.6276469089915159
39 15 0.59867756375412
39 16 0.5697866847021515
39 17 0.5409257318904473
39 18 0.5120509838763698
39 19 0.4831224198173075
39 20 0.45410284532770023
39 21 0.424957193044496
39 22 0.3956519496745539
39 23 0.36615467500024634
39 24 0.33643358749848523
39 25 0.30645719745610817
39 26 0.2761939727148199
39 27 0.24561202506573315
39 28 0.2146788072284715
39 29 0.183360811542313
39 30 0.1516232621224216
39 31 0.1516232621224222
39 32 0.183360811542313
39 33 0.2146788072284715
39 34 0.24561202506573315
39 35 0.2761939727148199
39 36 0.30645719745610817
39 37 0.33643358749848523
39 38 0.36615467500024634
39 39 0.39565194967455414
39 40 0.42495719304449625
39 41 0.45410284532770023
39 42 0.4831224198173073
39 43 0.5120509838763696
39 44 0.5409257318904476
39 45 0.5697866847021518
39 46 0.5986775637541204
39 47 0.6276469089915165
39 48 0.6567495419324895
39 49 0.6860485269318879
40 0 1.195859459859891
40 1 1.0865574574452765
40 2 1.0340153785171506
40 3 0.9905304408136534
40 4 0.9515914986019458
40 5 0.9154534746229716
40 6 0.8812209588397426
40 7 0.8483606903573833
40 8 0.8165234966934666
40 9 0.7854649451041257
40 10 0.7550050811250684
40 11 0.7250060181778548
40 12 0.6953585601557771
40 13 0.6659737643699597
40 14 0.6367773767714274
40 15 0.6077060214729646
40 16 0.5787045060236019
40 17 0.5497238605849566
40 18 0.520719873559237
40 19 0.4916519709136815
40 20 0.46248233792560184
40 21 0.43317521433327716
40 22 0.4036963146287278
40 23 0.3740123388682221
40 24 0.3440905484959552
40 25 0.3138983878423864
40 26 0.2834031361404704
40 27 0.2525715777095706
40 28 0.22136967977456917
40 29 0.189762268459537
40 30 0.1577126939687375
40 31 0.189762268459537
40 32 0.2213696797745689
40 33 0.25257157770957117
40 34 0.28340313614047097
40 35 0.31389838784238716
40 36 0.3440905484959552
40 37 0.3740123388682221
40 38 0.4036963146287275
40 39 0.4331752143332774
40 40 0.46248233792560184
40 41 0.49165197091368196
40 42 0.5207198735592372
40 43 0.549723860584957
40 44 0.5787045060236019
40 45 0.607706021472965
40 46 0.6367773767714274
40 47 0.6659737643699599
40 48 0.6953585601557769
40 49 0.7250060181778544
41 0 1.2050323537574277
41 1 1.0958777683774177
41 2 1.0433562873674653
41 3 0.9998675593753227
41 4 0.96091010696207
41 5 0.9247424836720068
41 6 0.8904710292589941
41 7 0.8575634142427286
41 8 0.8256709682662083
41 9 0.7945495045652422
41 10 0.7640191456511385
41 11 0.7339419604816413
41 12 0.7042086143552718
41 13 0.6747299478823345
41 14 0.6454314214706204
41 15 0.6162493097728521
41 16 0.5871280089044799
41 17 0.5580180753575187
41 18 0.5288747596027242
41 19 0.49965688186251667
41 20 0.47032594888158685
41 21 0.4408454426865369
41 22 0.41118023300006296
41 23 0.38129607854716124
41 24 0.35115919154369435
41 25 0.3207358457522178
41 26 0.28999201258990137
41 27 0.2588930124823057
41 28 0.227403170354322
41 29 0.19548546507050277
41 30 0.1954854650705025
41 31 0.22740317035432228
41 32 0.2588930124823065
41 33 0.28999201258990137
41 34 0.32073584575221836
41 35 0.35115919154369385
41 36 0.38129607854716124
41 37 0.41118023300006296
41 38 0.4408454426865367
41 39 0.47032594888158663
41 40 0.49965688186251667
41 41 0.528874759602724
41 42 0.5580180753575185
41 43 0.5871280089044799
41 44 0.616249309772852
41 45 0.6454314214706207
41 46 0.6747299478823348
41 47 0.7042086143552718
41 48 0.7339419604816417
41 49 0.7640191456511387
42 0 1.2138499962923055
42 1 1.104828325834126
42 2 1.0523192322886568
42 3 1.008819356143433
42 4 0.9698363686793312
42 5 0.9336322462472753
42 6 0.8993149648062573
42 7 0.8663530519532877
42 8 0.8343982841756465
42 9 0.8032066753824716
42 10 0.772598385020449
42 11 0.7424354000754192
42 12 0.7126082105189183
42 13 0.6830274030601248
42 14 0.6536181139247687
42 15 0.6243162273978364
42 16 0.5950656842130698
42 17 0.5658165194366784
42 18 0.53652339323887
42 19 0.5071444622382592
42 20 0.47764049031554895
42 21 0.4479741298591694
42 22 0.41810932499888315
42 23 0.38801080188087095
42 24 0.3576436200144405
42 25 0.32697276473075093
42 26 0.2959627647950891
42 27 0.26457732180299726
42 28 0.23277893953811263
42 29 0.2005285421999593
42 30 0.23277893953811155
42 31 0.26457732180299753
42 32 0.2959627647950891
42 33 0.32697276473075065
42 34 0.3576436200144405
42 35 0.38801080188087095
42 36 0.41810932499888315
42 37 0.44797412985916896
42 38 0.47764049031554895
42 39 0.5071444622382587
42 40 0.53652339323887
42 41 0.5658165194366787
42 42 0.5950656842130692
42 43 0.6243162273978364
42 44 0.6536181139247687
42 45 0.6830274030601248
42 46 0.712608210518918
42 47 0.7424354000754196
42 48 0.7725983850204486
42 49 0.8032066753824716
43 0 1.2223216063592368
43 1 1.1134185605907976
43 2 1.060913674533114
43 3 1.017395283910696
43 4 0.9783797019543812
43 5 0.9421321241062834
43 6 0.9077620504973904
43 7 0.874738791758035
43 8 0.8427145154985526
43 9 0.8114453900430222
43 10 0.7807515703671094
43 11 0.7504949222348326
43 12 0.7205657214462748
43 13 0.6908742611100992
43 14 0.661345311712229
43 15 0.631914322875798
43 16 0.6025247320883897
43 17 0.5731260007097655
43 18 0.5436721410115364
43 19 0.514120582098228
43 20 0.4844312736378756
43 21 0.45456595829558033
43 22 0.424487564270141
43 23 0.39415968274800406
43 24 0.36354610397687526
43 25 0.33261039157072
43 26 0.3013154785381432
43 27 0.2696232709654799
43 28 0.2374942466445137
43 29 0.23749424664451316
43 30 0.26962327096548017
43 31 0.3013154785381432
43 32 0.33261039157072025
43 33 0.36354610397687503
43 34 0.3941596827480038
43 35 0.424487564270141
43 36 0.45456595829557916
43 37 0.4844312736378751
43 38 0.5141205820982275
43 39 0.5436721410115364
43 40 0.5731260007097648
43 41 0.6025247320883897
43 42 0.6319143228757977
43 43 0.6613453117122285
43 44 0.6908742611100988
43 45 0.7205657214462751
43 46 0.7504949222348324
43 47 0.7807515703671095
43 48 0.811445390043022
43 49 0.8427145154985523
44 0 1.2304556044983213
44 1 1.121657067444655
44 2 1.0691482171590898
44 3 1.0256039167707554
44 4 0.9865486261273935
44 5 0.9502505597307418
44 6 0.9158206310300842
44 7 0.8827288596492765
44 8 0.8506277479023688
44 9 0.8192735710652693
44 10 0.7884864366074263
44 11 0.7581280477955874
44 12 0.7280884249873992
44 13 0.6982775251383578
44 14 0.6686197081138763
44 15 0.6390499407294858
44 16 0.6095111049063041
44 17 0.5799520308629211
44 18 0.5503260194064991
44 19 0.520589701294422
44 20 0.4907021325830628
44 21 0.46062405673992046
44 22 0.43031728470744857
44 23 0.39974415742592284
44 24 0.3688670641063002
44 25 0.3376479953308999
44 26 0.3060481137904852
44 27 0.274027327717853
44 28 0.24154385319616806
44 29 0.274027327717853
44 30 0.3060481137904849
44 31 0.3376479953308999
44 32 0.3688670641062997
44 33 0.3997441574259221
44 34 0.4303172847074488
44 35 0.46062405673991996
44 36 0.4907021325830625
44 37 0.5205897012944217
44 38 0.5503260194064988
44 39 0.5799520308629211
44 40 0.6095111049063041
44 41 0.6390499407294855
44 42 0.6686197081138763
44 43 0.6982775251383576
44 44 0.7280884249873992
44 45 0.7581280477955871
44 46 0.7884864366074267
44 47 0.8192735710652693
44 48 0.8506277479023688
44 49 0.8827288596492753
45 0 1.238259663655587
45 1 1.129551657293985
45 2 1.0770306573294621
45 3 1.0334530023797928
45 4 0.9943508137156281
45 5 0.95799512797116
45 6 0.9234981618667975
45 7 0.8903305696862285
45 8 0.8581451310561837
45 9 0.8266981792626927
45 10 0.7958097293154908
45 11 0.7653412783663929
45 12 0.7351825472788518
45 13 0.7052431110469596
45 14 0.6754468702500162
45 15 0.6457282563637435
45 16 0.6160295383432133
45 17 0.5862988519460418
45 18 0.5564887161195333
45 19 0.526554884497039
45 20 0.49645543085806276
45 21 0.46614999915394306
45 22 0.4355991690076296
45 23 0.4047639008046127
45 24 0.37360503315023225
45 25 0.34208281110486116
45 26 0.3101564271520096
45 27 0.2777835588674636
45 28 0.2777835588674636
45 29 0.3101564271520093
45 30 0.3420828111048604
45 31 0.37360503315023225
45 32 0.4047639008046125
45 33 0.4355991690076287
45 34 0.46614999915394334
45 35 0.4964554308580621
45 36 0.5265548844970386
45 37 0.5564887161195329
45 38 0.5862988519460418
45 39 0.6160295383432133
45 40 0.6457282563637433
45 41 0.6754468702500164
45 42 0.7052431110469594
45 43 0.7351825472788518
45 44 0.7653412783663924
45 45 0.7958097293154903
45 46 0.8266981792626926
45 47 0.8581451310561836
45 48 0.8903305696862278
45 49 0.9234981618667968
46 0 1.2457407535688645
46 1 1.1371094025294204
46 2 1.0845680317334663
46 3 1.0409495071624577
46 4 1.0017931352149727
46 5 0.9653725802672647
46 6 0.9308012526931438
46 7 0.8975503664973592
46 8 0.8652729199633056
46 9 0.8337252536671322
46 10 0.8027272429654062
46 11 0.7721401325792332
46 12 0.7418532966437057
46 13 0.7117758786683127
46 14 0.6818312669651309
46 15 0.6519533001338164
46 16 0.622083570961063
46 17 0.5921694506863205
46 18 0.5621625981626345
46 19 0.532017801976955
46 20 0.501692054262758
46 21 0.471143786563289
46 22 0.4403322182905318
46 23 0.4092167814029537
46 24 0.37775659343026197
46 25 0.3459099564222452
46 26 0.3136338627052307
46 27 0.2808834900370127
46 28 0.3136338627052307
46 29 0.3459099564222447
46 30 0.3777565934302617
46 31 0.4092167814029537
46 32 0.4403322182905318
46 33 0.47114378656328826
46 34 0.5016920542627582
46 35 0.5320178019769544
46 36 0.5621625981626343
46 37 0.5921694506863207
46 38 0.6220835709610633
46 39 0.6519533001338164
46 40 0.6818312669651311
46 41 0.7117758786683127
46 42 0.7418532966437054
46 43 0.7721401325792329
46 44 0.8027272429654062
46 45 0.8337252536671325
46 46 0.8652729199633049
46 47 0.8975503664973592
46 48 0.9308012526931435
46 49 0.9653725802672642
47 0 1.252905179427551
47 1 1.1443366764034117
47 2 1.0917666558001984
47 3 1.0480996551298551
47 4 1.0088816973290267
47 5 0.9723888821007327
47 6 0.9377357038979457
47 7 0.9043938605739208
47 8 0.8720165088299593
47 9 0.8403599437031702
47 10 0.8092438511035212
47 11 0.778529173905052
47 12 0.7481048886401068
47 13 0.7178796535683127
47 14 0.6877762868256126
47 15 0.6577279708789376
47 16 0.6276755524982922
47 17 0.5975655606122418
47 18 0.5673487067184703
47 19 0.536978715869021
47 20 0.5064113867700664
47 21 0.4756038110265861
47 22 0.4445137016100048
47 23 0.4130987935475338
47 24 0.3813162881481302
47 25 0.34912231729238646
47 26 0.3164714073168646
47 27 0.3164714073168646
47 28 0.34912231729238646
47 29 0.38131628814812946
47 30 0.4130987935475333
47 31 0.4445137016100053
47 32 0.4756038110265859
47 33 0.5064113867700661
47 34 0.536978715869021
47 35 0.5673487067184703
47 36 0.5975655606122413
47 37 0.6276755524982924
47 38 0.6577279708789376
47 39 0.6877762868256129
47 40 0.7178796535683127
47 41 0.7481048886401068
47 42 0.7785291739050518
47 43 0.8092438511035209
47 44 0.8403599437031696
47 45 0.8720165088299591
47 46 0.9043938605739208
47 47 0.9377357038979457
47 48 0.9723888821007327
47 49 1.0088816973290264
48 0 1.2597586153495544
48 1 1.151239186933324
48 2 1.0986321572587825
48 3 1.054908960860105
48 4 1.0156218751687844
48 5 0.979049244212558
48 6 0.9443065365930043
48 7 0.9108658568543437
48 8 0.878380457946638
48 9 0.8466065340613969
48 10 0.8153635288628942
48 11 0.7845120304034071
48 12 0.7539405625733382
48 13 0.7235572397674507
48 14 0.6932842463990863
48 15 0.6630540389907978
48 16 0.6328066408143973
48 17 0.6024876517851719
48 18 0.5720467383536737
48 19 0.5414364512947166
48 20 0.5106112696541055
48 21 0.47952680045133594
48 22 0.4481390836195309
48 23 0.4164039643921225
48 24 0.384276503425003
48 25 0.35171039985370434
48 26 0.3186574050959405
48 27 0.35171039985370434
48 28 0.3842765034250025
48 29 0.41640396439212224
48 30 0.4481390836195307
48 31 0.47952680045133594
48 32 0.5106112696541051
48 33 0.5414364512947164
48 34 0.5720467383536739
48 35 0.6024876517851715
48 36 0.6328066408143971
48 37 0.6630540389907976
48 38 0.6932842463990863
48 39 0.7235572397674507
48 40 0.7539405625733379
48 41 0.7845120304034071
48 42 0.8153635288628934
48 43 0.8466065340613965
48 44 0.878380457946638
48 45 0.9108658568543438
48 46 0.9443065365930043
48 47 0.979049244212558
48 48 1.0156218751687847
48 49 1.0549089608601048
49 0 1.2663061331277723
49 1 1.1578220057977888
49 2 1.1051695045008991
49 3 1.0613822570896108
49 4 1.022018338860012
49 5 0.98535814800752
49 6 0.950518016576357
49 7 0.9169703769798521
49 8 0.8843685139334777
49 9 0.8524684625862579
49 10 0.8210893680919569
49 11 0.790091406624513
49 12 0.7593625896243215
49 13 0.7288104234526501
49 14 0.69835638878971
49 15 0.6679321388702826
49 16 0.6374767871922744
49 17 0.6069349076579229
49 18 0.5762550118805805
49 19 0.5453883513467125
49 20 0.5142879423085185
49 21 0.48290774244338996
49 22 0.4512019280007482
49 23 0.419124232645806
49 24 0.3866273169880834
49 25 0.3536621423041066
49 26 0.3536621423041066
49 27 0.3866273169880834
49 28 0.4191242326458062
49 29 0.4512019280007482
49 30 0.48290774244338996
49 31 0.5142879423085185
49 32 0.5453883513467125
49 33 0.5762550118805809
49 34 0.6069349076579231
49 35 0.6374767871922749
49 36 0.6679321388702826
49 37 0.6983563887897093
49 38 0.7288104234526501
49 39 0.7593625896243215
49 40 0.790091406624513
49 41 0.821089368091957
49 42 0.8524684625862573
49 43 0.8843685139334777
49 44 0.916970376979852
49 45 0.9505180165763567
49 46 0.98535814800752
49 47 1.0220183388600113
49 48 1.0613822570896105
49 49 1.1051695045008985
