0 0 0.9940523869763777
0 1 1.0132408143384848
0 2 1.0153449890139137
0 3 1.0146128980325113
0 4 1.012386261701866
0 5 1.0091812517718342
0 6 1.0052605591878065
0 7 1.0007788284081378
0 8 0.9958357400524268
0 9 0.9904996476752801
0 10 0.9848195593599455
0 11 0.9788317981612178
0 12 0.9725639705534751
0 13 0.966037462638105
0 14 0.9592690802041516
0 15 0.9522721655133121
0 16 0.9450573807956579
0 17 0.9376332719490802
0 18 0.9300066829043607
0 19 0.9221830658709599
0 20 0.9141667173203466
0 21 0.90596095992198
0 22 0.8975682844242772
0 23 0.8889904613569116
0 24 0.88022862964797
0 25 0.8712833673304734
0 26 0.8621547481654912
0 27 0.8528423870475982
0 28 0.8433454763618062
0 29 0.8336628149492314
0 30 0.823792830957665
0 31 0.8137335995658018
0 32 0.8034828563505108
0 33 0.7930380068969712
0 34 0.7823961331188254
0 35 0.7715539966503069
0 36 0.7605080395877161
0 37 0.7492543827885484
0 38 0.7377888218791601
0 39 0.7261068210732073
0 40 0.7142035048609189
0 41 0.7020736475917818
0 42 0.6897116609390193
0 43 0.6771115792020855
0 44 0.664267042372325
0 45 0.6511712768559964
0 46 0.6378170737172445
0 47 0.6241967642704923
0 48 0.6103021928163068
0 49 0.5961246862762305
1 0 0.9544357484707837
1 1 0.9744533667454639
1 2 0.9767551590041426
1 3 0.9761179088316589
1 4 0.973932683957814
1 5 0.970734529580401
1 6 0.9667956877264985
1 7 0.9622763934034151
1 8 0.9572799091423201
1 9 0.9518770287233734
1 10 0.9461184971411628
1 11 0.9400419141293378
1 12 0.9336758470764955
1 13 0.9270424178671514
1 14 0.9201590023240391
1 15 0.9130393873049762
1 16 0.9056945823827748
1 17 0.8981334037417581
1 18 0.8903629033193018
1 19 0.8823886900517053
1 20 0.874215174164996
1 21 0.8658457554581479
1 22 0.8572829700768578
1 23 0.8485286060103145
1 24 0.8395837946594196
1 25 0.8304490838361757
1 26 0.8211244961577412
1 27 0.8116095758021881
1 28 0.8019034258710382
1 29 0.7920047380730678
1 30 0.7819118160487797
1 31 0.7716225933569113
1 32 0.761134646916736
1 33 0.7504452065238969
1 34 0.7395511609196629
1 35 0.7284490607840343
1 36 0.7171351189349697
1 37 0.7056052079438356
1 38 0.6938548553169684
1 39 0.681879236342048
1 40 0.66967316465332
1 41 0.6572310805298094
1 42 0.6445470369039503
1 43 0.6316146830233131
1 44 0.6184272456741948
1 45 0.6049775078418143
1 46 0.5912577846467892
1 47 0.5772598963605733
1 48 0.5629751382626729
1 49 0.5483942470588045
2 0 0.9320499182264699
2 1 0.9524526269690828
2 2 0.9548170688809181
2 3 0.9541894676942481
2 4 0.9519859792463254
2 5 0.9487512199676829
2 6 0.944762258253188
2 7 0.9401821400245183
2 8 0.9351159164404069
2 9 0.9296355885414661
2 10 0.9237927500482217
2 11 0.9176256143695813
2 12 0.911163200846973
2 13 0.9044279675480761
2 14 0.8974375407714837
2 15 0.890205892509473
2 16 0.8827441663260039
2 17 0.8750612713873892
2 18 0.8671643189775773
2 19 0.8590589491919561
2 20 0.8507495792999983
2 21 0.8422395950952782
2 22 0.8335314999868748
2 23 0.8246270322443046
2 24 0.8155272578726879
2 25 0.8062326445705649
2 26 0.7967431208015828
2 27 0.7870581229969169
2 28 0.777176633170266
2 29 0.7670972086870148
2 30 0.7568180055267261
2 31 0.7463367960744608
2 32 0.7356509822443639
2 33 0.7247576045593314
2 34 0.7136533476697468
2 35 0.7023345426822262
2 36 0.6907971665788771
2 37 0.6790368389333001
2 38 0.6670488160673231
2 39 0.6548279827392522
2 40 0.6423688414077127
2 41 0.6296654990730715
2 42 0.6167116516593862
2 43 0.6035005658624767
2 44 0.5900250583529353
2 45 0.576277472185586
2 46 0.5622496502281277
2 47 0.5479329053803847
2 48 0.5333179873107894
2 49 0.5183950453872231
3 0 0.9123594885244054
3 1 0.9330775059460581
3 2 0.9354822426727014
3 3 0.9348495503772852
3 4 0.9326169424983641
3 5 0.9293371738625343
3 6 0.9252914098937433
3 7 0.9206450771034661
3 8 0.9155047365933026
3 9 0.9099434041025505
3 10 0.9040133824766275
3 11 0.8977533937480945
3 12 0.8911928277498797
3 13 0.8843544139722747
3 14 0.8772559766034738
3 15 0.8699116292736031
3 16 0.8623326129627771
3 17 0.854527898600962
3 18 0.8465046298006547
3 19 0.8382684541261204
3 20 0.829823774856857
3 21 0.8211739448791052
3 22 0.8123214176766009
3 23 0.8032678659851126
3 24 0.7940142756959631
3 25 0.7845610205391946
3 26 0.7749079216345108
3 27 0.7650542949684741
3 28 0.7549989891102209
3 29 0.7447404149293927
3 30 0.7342765686712067
3 31 0.7236050494350016
3 32 0.712723071866612
3 33 0.7016274746920825
3 34 0.6903147255766554
3 35 0.6787809226785585
3 36 0.6670217931744584
3 37 0.655032688957112
3 38 0.6428085796414608
3 39 0.6303440429601344
3 40 0.6176332525804082
3 41 0.6046699633302586
3 42 0.5914474937795094
3 43 0.5779587060818447
3 44 0.5641959829434298
3 45 0.5501512015428704
3 46 0.5358157041841846
3 47 0.5211802654182209
3 48 0.5062350553173648
3 49 0.5062350553173648
4 0 0.8939911251109983
4 1 0.9149898017942132
4 2 0.9174230391934551
4 3 0.9167771160336003
4 4 0.9145091002786455
4 5 0.9111791911605223
4 6 0.9070722968915628
4 7 0.9023560147796973
4 8 0.897138279329289
4 9 0.8914930260249005
4 10 0.8854731974322799
4 11 0.879117971441592
4 12 0.8724570669410566
4 13 0.8655134513958119
4 14 0.8583051192252685
4 15 0.8508463023263295
4 16 0.8431483189523225
4 17 0.8352201841141194
4 18 0.8270690579592901
4 19 0.8187005811824496
4 20 0.8101191298518565
4 21 0.8013280115742407
4 22 0.7923296181674419
4 23 0.7831255455443927
4 24 0.7737166884924679
4 25 0.7641033159499288
4 26 0.7542851309190926
4 27 0.7442613181121237
4 28 0.734030581668865
4 29 0.7235911747298027
4 30 0.7129409222326337
4 31 0.7020772379876928
4 32 0.6909971368477829
4 33 0.6796972426020417
4 34 0.6681737920772267
4 35 0.6564226358130107
4 36 0.6444392355830122
4 37 0.6322186589547766
4 38 0.6197555710155134
4 39 0.6070442233328288
4 40 0.5940784401684205
4 41 0.5808516019156658
4 42 0.5673566256874973
4 43 0.5535859429374855
4 44 0.5395314739532961
4 45 0.5251845990164208
4 46 0.5105361259740891
4 47 0.49557625391728755
4 48 0.4802945326015082
4 49 0.49557625391728755
5 0 0.8764136850684503
5 1 0.8976718928815456
5 2 0.90012588175807
5 3 0.8994611046050897
5 4 0.8971531239829489
5 5 0.893769174356377
5 6 0.8895976970384182
5 7 0.8848083352882925
5 8 0.8795103151908205
5 9 0.8737784345618105
5 10 0.8676662332462819
5 11 0.8612133122764377
5 12 0.8544496934751996
5 13 0.8473985607829637
5 14 0.8400780606694362
5 15 0.8325025275433946
5 16 0.8246833429700584
5 17 0.8166295534118949
5 18 0.8083483239080576
5 19 0.7998452773593698
5 20 0.791124752207672
5 21 0.7821900007036071
5 22 0.7730433431196163
5 23 0.7636862887426529
5 24 0.7541196314236293
5 25 0.7443435253520071
5 26 0.7343575452432853
5 27 0.7241607340700849
5 28 0.713751640701185
5 29 0.703128349249239
5 30 0.6922885015075604
5 31 0.6812293135387227
5 32 0.669947587234352
5 33 0.6584397174765311
5 34 0.6467016953822916
5 35 0.6347291079934628
5 36 0.6225171346769373
5 37 0.6100605404196511
5 38 0.5973536661338006
5 39 0.584390416027822
5 40 0.5711642420447082
5 41 0.5576681253192818
5 42 0.5438945545582233
5 43 0.5298355011994541
5 44 0.5154823911594607
5 45 0.5008260729269435
5 46 0.4858567817074702
5 47 0.47056409926511716
5 48 0.4705640992651177
5 49 0.4858567817074702
6 0 0.8593545981406794
6 1 0.8808581114878576
6 2 0.8833271486587182
6 3 0.8826391563927884
6 4 0.8802875125809528
6 5 0.8768462235850842
6 6 0.8726071281046957
6 7 0.867741833939668
6 8 0.8623608048769753
6 9 0.856539662789075
6 10 0.8503325160757965
6 11 0.8437793663654026
6 12 0.8369105200326772
6 13 0.8297493619994368
6 14 0.8223141773371745
6 15 0.8146193909821646
6 16 0.8066764368766257
6 17 0.7984943827437271
6 18 0.79008038883531
6 19 0.7814400509099753
6 20 0.7725776606188804
6 21 0.7634964057549971
6 22 0.7541985259024535
6 23 0.7446854344462166
6 24 0.7349578148081997
6 25 0.7250156966419246
6 26 0.7148585162192962
6 27 0.7044851641730695
6 28 0.6938940229827208
6 29 0.6830829960206406
6 30 0.6720495295496922
6 31 0.6607906287410835
6 32 0.6493028685345742
6 33 0.6375823999709158
6 34 0.6256249524747908
6 35 0.6134258324447248
6 36 0.6009799184068085
6 37 0.588281652905825
6 38 0.5753250312360546
6 39 0.5621035870512964
6 40 0.5486103748367234
6 41 0.5348379491719075
6 42 0.5207783406627857
6 43 0.5064230283688624
6 44 0.49176290849901355
6 45 0.47678825909332173
6 46 0.4614887003480052
6 47 0.4458531501739641
6 48 0.4614887003480055
6 49 0.47678825909332173
7 0 0.8426514608797654
7 1 0.8643901428883205
7 2 0.8668697194611006
7 3 0.8661548773488696
7 4 0.8637563571948182
7 5 0.8602547607149699
7 6 0.8559452322646727
7 7 0.8510012885648874
7 8 0.8455345937880111
7 9 0.8396215669023425
7 10 0.8333168642176589
7 11 0.8266608713743023
7 12 0.8196841654240209
7 13 0.8124103202462657
7 14 0.8048577487704481
7 15 0.7970409565999662
7 16 0.7889714207914551
7 17 0.7806582214506473
7 18 0.7721085053834589
7 19 0.7633278326352755
7 20 0.7543204394739872
7 21 0.7450894405271399
7 22 0.7356369857846777
7 23 0.7259643835496091
7 24 0.7160721972890183
7 25 0.7059603221791183
7 26 0.6956280456219534
7 27 0.6850740949287433
7 28 0.6742966745796316
7 29 0.6632934948917352
7 30 0.6520617934960001
7 31 0.6405983506968973
7 32 0.6288994995383389
7 33 0.6169611312039599
7 34 0.6047786962253767
7 35 0.5923472018475775
7 36 0.5796612057983083
7 37 0.5667148066223996
7 38 0.5535016306678198
7 39 0.540014815744462
7 40 0.5262469914163735
7 41 0.5121902558310798
7 42 0.4978361489337883
7 43 0.4831756218578594
7 44 0.46819900222426547
7 45 0.4528959550201869
7 46 0.43725543865869776
7 47 0.4372554386586979
7 48 0.45289595502018704
7 49 0.46819900222426547
8 0 0.8261978556081395
8 1 0.848164230973468
8 2 0.8506505989616429
8 3 0.8499057253422455
8 4 0.8474574096153065
8 5 0.8438927291827832
8 6 0.8395100711088521
8 7 0.8344848222613496
8 8 0.8289298206688339
8 9 0.8229222627759193
8 10 0.816517337372933
8 11 0.809755801349874
8 12 0.8026684914228835
8 13 0.7952791605807175
8 14 0.7876063405335108
8 15 0.7796646089698169
8 16 0.7714654777720762
8 17 0.7630180312796081
8 18 0.7543293947212953
8 19 0.7454050842157379
8 20 0.7362492722656044
8 21 0.7268649917062528
8 22 0.7172542939914504
8 23 0.7074183730179927
8 24 0.6973576625259537
8 25 0.6870719129281933
8 26 0.6765602518894205
8 27 0.6658212318799636
8 28 0.6548528671349403
8 29 0.6436526618645675
8 30 0.6322176311244908
8 31 0.6205443154240321
8 32 0.6086287898958821
8 33 0.5964666686522231
8 34 0.5840531047947451
8 35 0.571382786418654
8 36 0.558449928845655
8 37 0.5452482632319793
8 38 0.531771021620232
8 39 0.5180109184346137
8 40 0.5039601283549346
8 41 0.489610260443463
8 42 0.4749523283378238
8 43 0.4599767162610423
8 44 0.44467314053453216
8 45 0.4290306062094254
8 46 0.41303735835431826
8 47 0.4290306062094254
8 48 0.4446731405345319
8 49 0.45997671626104203
9 0 0.8099192169487219
9 1 0.832107661367021
9 2 0.8345975863954587
9 3 0.8338197960827073
9 4 0.8313189493440181
9 5 0.8276885195053492
9 6 0.8232300935518402
9 7 0.8181209014906159
9 8 0.812474936183796
9 9 0.806370157014375
9 10 0.7998622734076691
9 11 0.7929924033406921
9 12 0.7857916341019727
9 13 0.7782838893733547
9 14 0.7704878116366513
9 15 0.7624180428717731
9 16 0.754086122064721
9 17 0.7455011300250922
9 18 0.7366701625080394
9 19 0.7275986835962186
9 20 0.7182907936348439
9 21 0.708749434926269
9 22 0.6989765512357942
9 23 0.688973212428088
9 24 0.6787397123537141
9 25 0.6682756458980715
9 26 0.6575799695545373
9 27 0.6466510487760865
9 28 0.6354866945559143
9 29 0.6240841910956074
9 30 0.6124403159769357
9 31 0.6005513539178421
9 32 0.5884131049349389
9 33 0.5760208875328463
9 34 0.5633695373799918
9 35 0.5504534018000227
9 36 0.5372663302997218
9 37 0.5238016612621232
9 38 0.5100522048526992
9 39 0.49601022211335416
9 40 0.48166740015045384
9 41 0.46701482325676746
9 42 0.45204293974062365
9 43 0.4367415241668411
9 44 0.42109963464088074
9 45 0.4051055646881768
9 46 0.4051055646881768
9 47 0.42109963464088074
9 48 0.4367415241668411
9 49 0.4520429397406235
10 0 0.7937605932488766
10 1 0.8161668350038525
10 2 0.818657443232512
10 3 0.817844050010753
10 4 0.8152880515509067
10 5 0.8115892668341712
10 6 0.807052454841993
10 7 0.8018566703583678
10 8 0.7961170475440784
10 9 0.7899122978711872
10 10 0.7832986421300986
10 11 0.7763175510647331
10 12 0.7690003547785298
10 13 0.7613711401973587
10 14 0.7534486532569878
10 15 0.7452475929118743
10 16 0.7367795178343334
10 17 0.7280534977035823
10 18 0.7190765909455873
10 19 0.7098542014325184
10 20 0.7003903487981984
10 21 0.690687875820053
10 22 0.6807486090864272
10 23 0.6705734843848361
10 24 0.6601626450122625
10 25 0.6495155189773777
10 26 0.6386308794970126
10 27 0.6275068920692382
10 28 0.6161411505924141
10 29 0.6045307044004268
10 30 0.5926720776362265
10 31 0.5805612820455848
10 32 0.5681938240106853
10 33 0.5555647064375959
10 34 0.5426684259474829
10 35 0.5294989656876181
10 36 0.5160497839664835
10 37 0.5023137988214328
10 38 0.48828336854252646
10 39 0.4739502680985905
10 40 0.4593056613380211
10 41 0.4443400687647176
10 42 0.42904333061634614
10 43 0.41340456489557037
10 44 0.39741211992271275
10 45 0.38105352088801236
10 46 0.3974121199227124
10 47 0.4134045648955705
10 48 0.429043330616346
10 49 0.4443400687647176
11 0 0.7776798391816127
11 1 0.8003006340632883
11 2 0.8027893114081378
11 3 0.801937763314539
11 4 0.7993240608623347
11 5 0.7955543411395137
11 6 0.7909365186146247
11 7 0.7856514610964486
11 8 0.7798154346786044
11 9 0.7735078948493851
11 10 0.7667855664075807
11 11 0.7596902658865586
11 12 0.7522535593925493
11 13 0.7444996903024466
11 14 0.7364475011250283
11 15 0.7281117407368144
11 16 0.7195039802030108
11 17 0.710633270477207
11 18 0.7015066247030266
11 19 0.6921293781772605
11 20 0.6825054609922936
11 21 0.6726376070510229
11 22 0.6625275158391202
11 23 0.6521759785054005
11 24 0.6415829765320887
11 25 0.6307477590215299
11 26 0.6196689030412869
11 27 0.608344360337099
11 28 0.5967714929008379
11 29 0.584947099274229
11 30 0.5728674330151913
11 31 0.5605282144086072
11 32 0.5479246362368422
11 33 0.5350513642158561
11 34 0.5219025325349144
11 35 0.5084717348003471
11 36 0.4947520105682486
11 37 0.48073582755101263
11 38 0.46641505949322515
11 39 0.4517809596297843
11 40 0.4368241295597822
11 41 0.4215344832908856
11 42 0.405901206127976
11 43 0.3899127079941898
11 44 0.3735565706795594
11 45 0.3735565706795594
11 46 0.3899127079941898
11 47 0.405901206127976
11 48 0.4215344832908856
11 49 0.4368241295597822
12 0 0.7616435562057222
12 1 0.7844764656146389
12 2 0.7869607880677327
12 3 0.7860686221501177
12 4 0.7833946990879002
12 5 0.7795514646423809
12 6 0.774849981327953
12 7 0.7694729234482509
12 8 0.7635376829309379
12 9 0.7571244533578346
12 10 0.7502904576354166
12 11 0.7430778521044277
12 12 0.7355184327344909
12 13 0.7276365929962956
12 14 0.7194512653448925
12 15 0.7109772416357383
12 16 0.7022260980228363
12 17 0.6932068590250609
12 18 0.6839264843448757
12 19 0.6743902320487029
12 20 0.6646019334873672
12 21 0.6545642038917178
12 22 0.644278605193577
12 23 0.6337457727372351
12 24 0.6229655142432032
12 25 0.6119368871066562
12 26 0.600658258511209
12 27 0.5891273516936641
12 28 0.577341280863542
12 29 0.5652965766674616
12 30 0.5529892036285706
12 31 0.5404145706411244
12 32 0.5275675353293888
12 33 0.5144424028664059
12 34 0.5010329196763124
12 35 0.48733226230225246
12 36 0.47333302160206747
12 37 0.45902718232927436
12 38 0.4444060980623051
12 39 0.42946046135645305
12 40 0.4141802689069429
12 41 0.39855478142495493
12 42 0.38257247783838294
12 43 0.36622100333278207
12 44 0.3494871106423694
12 45 0.36622100333278207
12 46 0.3825724778383825
12 47 0.39855478142495493
12 48 0.4141802689069431
12 49 0.42946046135645305
13 0 0.7456245358468758
13 1 0.7686677697671923
13 2 0.771145453226736
13 3 0.7702102624943834
13 4 0.7674736135065534
13 5 0.7635542661373066
13 6 0.7587664309178321
13 7 0.753294586357016
13 8 0.7472572467443181
13 9 0.7407353395354284
13 10 0.7337865809711447
13 11 0.7264534619609664
13 12 0.718768002671138
13 13 0.7107547405807456
13 14 0.7024326915803404
13 15 0.693816683550878
13 16 0.6849182903141605
13 17 0.6757465020348264
13 18 0.6663082165198484
13 19 0.6566086055748087
13 20 0.646651392155941
13 21 0.6364390624947586
13 22 0.6259730299103022
13 23 0.6152537620881917
13 24 0.6042808802674806
13 25 0.5930532364728646
13 26 0.5815689733107304
13 27 0.569825569689802
13 28 0.5578198749857028
13 29 0.5455481335474478
13 30 0.5330060009778278
13 31 0.5201885532642906
13 32 0.5070902895612402
13 33 0.49370512920659126
13 34 0.48002640337914765
13 35 0.46604684165718746
13 36 0.45175855361392714
13 37 0.43715300547557545
13 38 0.4222209917671945
13 39 0.4069526017763012
13 40 0.3913371805703031
13 41 0.37536328420819703
13 42 0.3590186286862415
13 43 0.3422900320483466
13 44 0.3422900320483466
13 45 0.3590186286862415
13 46 0.37536328420819703
13 47 0.3913371805703031
13 48 0.4069526017763012
13 49 0.4222209917671945
14 0 0.7296000768519338
14 1 0.7528523794392297
14 2 0.755321242311248
14 3 0.7543406506401372
14 4 0.7515387628385307
14 5 0.7475406708598722
14 6 0.7426637394341183
14 7 0.7370942525110898
14 8 0.7309518454273476
14 9 0.7243181766660384
14 10 0.7172514519114626
14 11 0.7097944919567588
14 12 0.7019795358175013
14 13 0.6938312590398095
14 14 0.6853687544449185
14 15 0.6766068788780151
14 16 0.6675571962019705
14 17 0.6582286540142467
14 18 0.6486280793971165
14 19 0.6387605484118004
14 20 0.6286296654367338
14 21 0.6182377767687024
14 22 0.607586135366656
14 23 0.5966750286309916
14 24 0.5855038777380447
14 25 0.574071314721718
14 26 0.562375241857667
14 27 0.5504128767348162
14 28 0.5381807855477511
14 29 0.5256749065144114
14 30 0.5128905648510684
14 31 0.4998224803756325
14 32 0.4864647685295854
14 33 0.4728109353859104
14 34 0.45885386702922826
14 35 0.44458581354312016
14 36 0.42999836770939837
14 37 0.41508243840807607
14 38 0.3998282185994504
14 39 0.38422514766656896
14 40 0.36826186779342
14 41 0.3519261739478497
14 42 0.33520495692491004
14 43 0.3180841387824718
14 44 0.3352049569249097
14 45 0.35192617394784953
14 46 0.36826186779342
14 47 0.38422514766656896
14 48 0.3998282185994504
14 49 0.4150824384080755
15 0 0.7135508363505874
15 1 0.7370114005506421
15 2 0.7394693350031089
15 3 0.738440977401211
15 4 0.7355713151147718
15 5 0.7314918009360204
15 6 0.7265229652952591
15 7 0.7208529018107259
15 8 0.7146023673564301
15 9 0.7078537497194394
15 10 0.700665740831067
15 11 0.6930814870880865
15 12 0.6851334412056461
15 13 0.6768464108955768
15 14 0.6682395593191788
15 15 0.6593277650332715
15 16 0.6501225740311688
15 17 0.6406328827617422
15 18 0.6308654383047435
15 19 0.6208252109665617
15 20 0.6105156757590854
15 21 0.5999390274228509
15 22 0.5890963460392012
15 23 0.5779877252375952
15 24 0.5666123715960231
15 25 0.5549686814801178
15 26 0.5430542999122927
15 27 0.5308661648785372
15 28 0.5184005396191596
15 29 0.505653034812637
15 30 0.49261862208255275
15 31 0.4792916398907881
15 32 0.46566579259389534
15 33 0.45173414321136685
15 34 0.4374891002679533
15 35 0.42292239891521105
15 36 0.4080250764010536
15 37 0.3927874418330652
15 38 0.3771990400661068
15 39 0.3612486094324496
15 40 0.34492403291906526
15 41 0.3282122822778304
15 42 0.3110993544262168
15 43 0.3110993544262168
15 44 0.3282122822778307
15 45 0.34492403291906526
15 46 0.3612486094324496
15 47 0.3771990400661068
15 48 0.3927874418330652
15 49 0.40802507640105345
16 0 0.6974600210121664
16 1 0.7211284235712859
16 2 0.7235733728155207
16 3 0.7224948793916085
16 4 0.7195548714602846
16 5 0.7153912009005831
16 6 0.7103275799906211
16 7 0.7045539188302046
16 8 0.698192097855106
16 9 0.6913252333606019
16 10 0.6840125008737642
16 11 0.6762973684002141
16 12 0.6682124973016448
16 13 0.6597828215061144
16 14 0.651027567758626
16 15 0.6419616288089127
16 16 0.632596524514271
16 17 0.6229410911541845
16 18 0.6130019860080926
16 19 0.6027840630170487
16 20 0.5922906563560888
16 21 0.5815237968218165
16 22 0.570484378245078
16 23 0.5591722860480629
16 24 0.5475864966215214
16 25 0.5357251538204982
16 26 0.5235856272048085
16 27 0.5111645554533557
16 28 0.49845787750971676
16 29 0.4854608533709504
16 30 0.4721680759453174
16 31 0.45857347503150375
16 32 0.44467031417977954
16 33 0.4304511809614629
16 34 0.4159079709804534
16 35 0.4010318657971771
16 36 0.38581330479173637
16 37 0.37024195086202805
16 38 0.3543066497281432
16 39 0.33799538249138267
16 40 0.32129521097007807
16 41 0.3041922152007008
16 42 0.28667142234688736
16 43 0.3041922152007008
16 44 0.32129521097007807
16 45 0.33799538249138267
16 46 0.354306649728143
16 47 0.37024195086202805
16 48 0.3858133047917362
16 49 0.4010318657971771
17 0 0.6813128022745699
17 1 0.7051889534531349
17 2 0.70761889331901
17 3 0.7064878758582234
17 4 0.703474904660472
17 5 0.6992242774350588
17 6 0.6940629085846727
17 7 0.6881825337749771
17 8 0.6817061603490739
17 9 0.6747176330868414
17 10 0.6672766088835967
17 11 0.6594268735441426
17 12 0.6512012920339848
17 13 0.6426249184220151
17 14 0.6337170360423333
17 15 0.6244925439830467
17 16 0.6149629272743338
17 17 0.605136952496703
17 18 0.5950211767402017
17 19 0.5846203262956005
17 20 0.5739375822706481
17 21 0.5629747982803085
17 22 0.5517326675864095
17 23 0.5402108519191131
17 24 0.5284080807330825
17 25 0.5163222272487054
17 26 0.503950365938268
17 27 0.4912888149061375
17 28 0.47833316572966883
17 29 0.46507830267334377
17 30 0.451518412694936
17 31 0.4376469872826142
17 32 0.4234568168632898
17 33 0.40893997828194906
17 34 0.3940878156523537
17 35 0.37889091470867625
17 36 0.3633390706359307
17 37 0.3474212492167015
17 38 0.33112554099648944
17 39 0.31443910803446434
17 40 0.2973481226654619
17 41 0.2798376975477588
17 42 0.27983769754775845
17 43 0.2973481226654619
17 44 0.3144391080344642
17 45 0.33112554099648944
17 46 0.3474212492167015
17 47 0.3633390706359307
17 48 0.37889091470867625
17 49 0.39408781565235357
18 0 0.6650958836541262
18 1 0.6891799877857923
18 2 0.6915929114103356
18 3 0.6904069518068612
18 4 0.68731834349147
18 5 0.6829778844797505
18 6 0.6777157153043706
18 7 0.6717254083051283
18 8 0.6651311022291608
18 9 0.658017370962221
18 10 0.6504443508622635
18 11 0.6424561418224651
18 12 0.6340858073030079
18 13 0.6253585152412536
18 14 0.6162935982594172
18 15 0.6069059535263819
18 16 0.5972070220615693
18 17 0.5872054906382246
18 18 0.5769078051035433
18 19 0.5663185520612581
18 20 0.5554407464785202
18 21 0.544276050611709
18 22 0.5328249417926271
18 23 0.5210868414204506
18 24 0.5090602139889132
18 25 0.49674264255003986
18 26 0.4841308853066337
18 27 0.4712209168008035
18 28 0.45800795627238194
18 29 0.4444864850977799
18 30 0.4306502547181138
18 31 0.41649228607828187
18 32 0.40200486129292995
18 33 0.38717950800749473
18 34 0.3720069767154184
18 35 0.3564772111134603
18 36 0.3405793114158289
18 37 0.32430149039668343
18 38 0.30763102178277646
18 39 0.29055418046768255
18 40 0.273056173860584
18 41 0.25512106351031594
18 42 0.27305617386058384
18 43 0.29055418046768255
18 44 0.3076310217827761
18 45 0.3243014903966831
18 46 0.34057931141582876
18 47 0.3564772111134603
18 48 0.37200697671541855
18 49 0.387179508007495
19 0 0.6487971739216886
19 1 0.6730896981345973
19 2 0.6754836029380132
19 3 0.6742402429574789
19 4 0.6710732585048528
19 5 0.6666400095217943
19 6 0.6612738900917703
19 7 0.6551703221642733
19 8 0.6484545813998545
19 9 0.641211971949894
19 10 0.6335031079635555
19 11 0.625372399733753
19 12 0.6168531039694672
19 13 0.6079704959401061
19 14 0.5987439498825748
19 15 0.5891883523191637
19 16 0.5793150905135992
19 17 0.5691327606728813
19 18 0.5586476856071847
19 19 0.5478642993628696
19 20 0.536785436762013
19 21 0.5254125534902442
19 22 0.5137458944409268
19 23 0.5017846227738699
19 24 0.48952691859397135
19 25 0.4769700537009315
19 26 0.46411044713297545
19 27 0.4509437049880847
19 28 0.43746464710130634
19 29 0.4236673224837302
19 30 0.40954501491854495
19 31 0.39509023971442725
19 32 0.38029473230297406
19 33 0.36514942911097137
19 34 0.34964444092250757
19 35 0.3337690187570945
19 36 0.3175115121177374
19 37 0.3008593192991392
19 38 0.2837988292835528
19 39 0.2663153545840276
19 40 0.2483930542154247
19 41 0.2483930542154247
19 42 0.26631535458402744
19 43 0.2837988292835528
19 44 0.3008593192991389
19 45 0.3175115121177376
19 46 0.33376901875709425
19 47 0.34964444092250757
19 48 0.3651494291109711
19 49 0.38029473230297406
20 0 0.6324055356110613
20 1 0.6569071848021414
20 2 0.6592800611588526
20 3 0.6579767931493603
20 4 0.6547286199888643
20 5 0.6501995318541204
20 6 0.644726206969425
20 7 0.6385059314984997
20 8 0.6316651244226487
20 9 0.6242898217660642
20 10 0.6164411139541698
20 11 0.608163717942914
20 12 0.5994910782410003
20 13 0.5904485705841952
20 14 0.5810556027124675
20 15 0.5713270412365843
20 16 0.5612742092873051
20 17 0.5509056010202983
20 18 0.5402274035929451
20 19 0.5292438847028782
20 20 0.5179576839962893
20 21 0.5063700342365531
20 22 0.4944809301083396
20 23 0.4822892572280234
20 24 0.4697928903409064
20 25 0.4569887672048874
20 26 0.4438729429124243
20 27 0.4304406281482061
20 28 0.41668621396294664
20 29 0.4026032849605552
20 30 0.38818462227656425
20 31 0.3734221973218365
20 32 0.35830715694329107
20 33 0.3428298003882998
20 34 0.32697954823362957
20 35 0.31074490323978726
20 36 0.2941134029066348
20 37 0.277071563327458
20 38 0.25960481375858896
20 39 0.2416974211330415
20 40 0.2233324035424211
20 41 0.2416974211330415
20 42 0.2596048137585886
20 43 0.27707156332745786
20 44 0.2941134029066343
20 45 0.31074490323978726
20 46 0.32697954823362974
20 47 0.34282980038829963
20 48 0.35830715694329124
20 49 0.3734221973218362
21 0 0.6465618503534291
21 1 0.6406222848473976
21 2 0.6429721060174654
21 3 0.6416063642867673
21 4 0.6382741082648653
21 5 0.6336460330127556
21 6 0.6280621344608812
21 7 0.6217215791319877
21 8 0.6147519365367091
21 9 0.6072399765468797
21 10 0.5992472644350283
21 11 0.5908188199692178
21 12 0.5819882697410592
21 13 0.572781082692788
21 14 0.5632166914506872
21 15 0.5533099328413509
21 16 0.5430720547784004
21 17 0.5325114370749181
21 18 0.5216341177114795
21 19 0.5104441832302278
21 20 0.49894406194098495
21 21 0.48713474608037083
21 22 0.4750159609668038
21 23 0.46258629383450295
21 24 0.449843291401169
21 25 0.4367835327159011
21 26 0.423402682065982
21 27 0.4096955254511615
21 28 0.3956559932044173
21 29 0.38127717064410765
21 30 0.3665512981131362
21 31 0.35146976134729174
21 32 0.33602307278281485
21 33 0.32020084413777766
21 34 0.3039917503645807
21 35 0.287383484857875
21 36 0.2703627056022504
21 37 0.25291497174783695
21 38 0.2350246699010944
21 39 0.2166749292046823
21 40 0.2166749292046823
21 41 0.2350246699010944
21 42 0.2529149717478367
21 43 0.2703627056022504
21 44 0.28738348485787485
21 45 0.3039917503645807
21 46 0.32020084413777716
21 47 0.33602307278281485
21 48 0.35146976134729174
21 49 0.3665512981131362
22 0 0.6600854839169616
22 1 0.6242254193877251
22 2 0.6265501323827721
22 3 0.6251192850268127
22 4 0.6216999625673466
22 5 0.6169696456739151
22 6 0.6112716843711337
22 7 0.6048071431201824
22 8 0.5977047498877848
22 9 0.5900520106642926
22 10 0.5819109641599491
22 11 0.5733269289258541
22 12 0.5643337075878124
22 13 0.5549568545743658
22 14 0.5452158182069412
22 15 0.5351253949738629
22 16 0.5246967457013064
22 17 0.5139381226765009
22 18 0.502855400177358
22 19 0.4914524676658002
22 20 0.4797315247122443
22 21 0.46769330404440007
22 22 0.45533724093143596
22 23 0.4426616016985391
22 24 0.42966358049951664
22 25 0.4163393709390655
22 26 0.40268421734765525
22 27 0.3886924492257148
22 28 0.3743575014308187
22 29 0.35967192197581993
22 30 0.3446273687657497
22 31 0.329214596177165
22 32 0.3134234320405055
22 33 0.2972427452985973
22 34 0.2806604043639404
22 35 0.2636632259692171
22 36 0.24623691408792264
22 37 0.22836598828504062
22 38 0.21003370063212742
22 39 0.19122194007810278
22 40 0.2100337006321276
22 41 0.2283659882850403
22 42 0.24623691408792228
22 43 0.2636632259692171
22 44 0.2806604043639404
22 45 0.2972427452985973
22 46 0.3134234320405055
22 47 0.329214596177165
22 48 0.3446273687657495
22 49 0.3596719219758198
23 0 0.6730204208220965
23 1 0.6077074703030768
23 2 0.6100049874371913
23 3 0.608506328452537
23 4 0.6049968587827632
23 5 0.6001609313087632
23 6 0.5943452892406621
23 7 0.5877529139045766
23 8 0.5805137002955478
23 9 0.5727158930235401
23 10 0.564422002783669
23 11 0.5556776426395715
23 12 0.5465167848055204
23 13 0.5369650609475657
23 14 0.5270419252438577
23 15 0.5167621225305365
23 16 0.5061367138048659
23 17 0.49517380966014796
23 18 0.48387910504215853
23 19 0.47225627517782326
23 20 0.46030727212872824
23 21 0.44803254861657954
23 22 0.43543122750026636
23 23 0.4225012298108517
23 24 0.40923937054365783
23 25 0.3956414288419681
23 26 0.38170219739665723
23 27 0.3674155145828429
23 28 0.3527742818974577
23 29 0.3377704685433162
23 30 0.3223951044531935
23 31 0.30663826261139315
23 32 0.29048903117462094
23 33 0.2739354755928821
23 34 0.25696459066516436
23 35 0.23956224221873432
23 36 0.22171309786251356
23 37 0.20340054602335947
23 38 0.18460660221897557
23 39 0.18460660221897557
23 40 0.20340054602335947
23 41 0.22171309786251356
23 42 0.23956224221873412
23 43 0.25696459066516436
23 44 0.27393547559288195
23 45 0.29048903117462094
23 46 0.30663826261139315
23 47 0.3223951044531935
23 48 0.33777046854331655
23 49 0.3527742818974577
24 0 0.6854056092543758
24 1 0.606389618814283
24 2 0.5933278701591893
24 3 0.5917586117052455
24 4 0.5881558090437644
24 5 0.5832107796079569
24 6 0.5772737014956291
24 7 0.5705494930982077
24 8 0.5631692255917875
24 9 0.5552218848752882
24 10 0.5467704520704408
24 11 0.5378608301776326
24 12 0.5285271540896431
24 13 0.5187951238608274
24 14 0.5086841889629956
24 15 0.4982090304222644
24 16 0.4873805957024467
24 17 0.4762068384491132
24 18 0.4646932574315937
24 19 0.45284329513400906
24 20 0.44065863583690595
24 21 0.4281394300923045
24 22 0.41528446414070375
24 23 0.40209128728682986
24 24 0.38855630650305795
24 25 0.374674854935304
24 26 0.3604412391536259
24 27 0.34584876866871905
24 28 0.33088977026314437
24 29 0.3155555889541226
24 30 0.29983657683950593
24 31 0.2837220706290886
24 32 0.2672003582934612
24 33 0.2502586349456622
24 34 0.232882947786936
24 35 0.2150581296810122
24 36 0.1967677206582979
24 37 0.1779938763802702
24 38 0.1587172623037926
24 39 0.1779938763802702
24 40 0.1967677206582979
24 41 0.21505812968101237
24 42 0.232882947786936
24 43 0.2502586349456622
24 44 0.26720035829346106
24 45 0.2837220706290886
24 46 0.29983657683950576
24 47 0.31555558895412295
24 48 0.33088977026314437
24 49 0.34584876866871905
25 0 0.6972757011604379
25 1 0.6185725233614683
25 2 0.5811865678670619
25 3 0.5748675124321326
25 4 0.571168078050577
25 5 0.5661103245582275
25 6 0.5600479091832031
25 7 0.5531877087945822
25 8 0.5456619804234514
25 9 0.537560454035561
25 10 0.5289465794535902
25 11 0.5198665446679608
25 12 0.5103546398053652
25 13 0.500436623782656
25 14 0.49013192999457456
25 15 0.4794551625645307
25 16 0.4684171406552952
25 17 0.45702564451487204
25 18 0.44528595855492276
25 19 0.43320127252047486
25 20 0.42077298098537397
25 21 0.4080009083336855
25 22 0.394883477944568
25 23 0.38141783870677487
25 24 0.3675999581992849
25 25 0.3534246892500598
25 26 0.33888581472900947
25 27 0.32397607409138307
25 28 0.3086871741991731
25 29 0.2930097862011581
25 30 0.2769335296723383
25 31 0.26044694474885455
25 32 0.24353745260813478
25 33 0.22619130430862
25 34 0.20839351769833478
25 35 0.19012780180991734
25 36 0.17137646786725932
25 37 0.15212032572252782
25 38 0.15212032572252762
25 39 0.17137646786725932
25 40 0.19012780180991734
25 41 0.20839351769833497
25 42 0.22619130430861964
25 43 0.24353745260813495
25 44 0.26044694474885455
25 45 0.27693352967233814
25 46 0.2930097862011581
25 47 0.3086871741991729
25 48 0.3239760740913834
25 49 0.33888581472900947
26 0 0.7086616580590329
26 1 0.630253237977218
26 2 0.5929823404676762
26 3 0.5623080095033196
26 4 0.554025112306115
26 5 0.5488508733644923
26 6 0.5426590644894979
26 7 0.5356585435991766
26 8 0.5279827637193909
26 9 0.519722201710311
26 10 0.5109407741392811
26 11 0.5016849486006484
26 12 0.4919891624011909
26 13 0.48187922303618985
26 14 0.4713745355552079
26 15 0.46048961305254726
26 16 0.4492351304500283
26 17 0.4376186768311587
26 18 0.42564530259736627
26 19 0.413317923120193
26 20 0.40063761952078203
26 21 0.3876038639958217
26 22 0.37421468857635243
26 23 0.3604668105534345
26 24 0.34635572397218606
26 25 0.3318757639396107
26 26 0.317020148611402
26 27 0.3017810023629635
26 28 0.2861493626437202
26 29 0.27011517225033477
26 30 0.25366725815815405
26 31 0.23679329756822587
26 32 0.2194797714218923
26 33 0.2017119052780621
26 34 0.1834735971182271
26 35 0.16474733132316943
26 36 0.14551407773766853
26 37 0.12575317439059522
26 38 0.14551407773766853
26 39 0.16474733132316927
26 40 0.1834735971182271
26 41 0.2017119052780621
26 42 0.2194797714218921
26 43 0.23679329756822587
26 44 0.25366725815815405
26 45 0.2701151722503346
26 46 0.28614936264372054
26 47 0.3017810023629642
26 48 0.317020148611402
26 49 0.33187576393961055
27 0 0.7195912510060711
27 1 0.6414605495705475
27 2 0.6042962071763222
27 3 0.5736991749957409
27 4 0.5464163977016476
27 5 0.5314238453448772
27 6 0.5250984221694344
27 7 0.5179530725128856
27 8 0.5101224559486229
27 9 0.5016977990494198
27 10 0.4927434828749072
27 11 0.4833062487255497
27 12 0.4734206723453286
27 13 0.46311259867745735
27 14 0.4524013911632972
27 15 0.4413014565998822
27 16 0.42982330843595157
27 17 0.4179743253731915
27 18 0.4057593025303984
27 19 0.39318085746742715
27 20 0.3802397321010676
27 21 0.3669350181924376
27 22 0.3532643254607068
27 23 0.339223905663119
27 24 0.32480874210458666
27 25 0.3100126113513332
27 26 0.2948281220171361
27 27 0.27924673410943396
27 28 0.2632587613972416
27 29 0.24685335848111903
27 30 0.2300184936305611
27 31 0.21274090795235995
27 32 0.195006061026066
27 33 0.17679806276050336
27 34 0.1580995908656487
27 35 0.1388917929779286
27 36 0.11915417210699987
27 37 0.11915417210699968
27 38 0.1388917929779286
27 39 0.1580995908656491
27 40 0.17679806276050336
27 41 0.195006061026066
27 42 0.21274090795236014
27 43 0.2300184936305609
27 44 0.24685335848111886
27 45 0.26325876139724125
27 46 0.2792467341094341
27 47 0.2948281220171361
27 48 0.3100126113513332
27 49 0.3248087421045868
28 0 0.7300894763072999
28 1 0.6522203607802985
28 2 0.6151544745068894
28 3 0.5846278837863913
28 4 0.5574003173160015
28 5 0.5322189731998139
28 6 0.5084417203129489
28 7 0.5000624084684215
28 8 0.4920719639684832
28 9 0.4834779312246052
28 10 0.4743451531714535
28 11 0.46472063832893523
28 12 0.45463909136023006
28 13 0.44412638258376563
28 14 0.43320181946824
28 15 0.4218796859849525
28 16 0.41017031545319493
28 17 0.398080855377883
28 18 0.38561582253853616
28 19 0.37277751125734515
28 20 0.3595662962832669
28 21 0.345980858233321
28 22 0.3320183508135137
28 23 0.3176745232628723
28 24 0.30294380754175926
28 25 0.2878193770626929
28 26 0.27229318182890605
28 27 0.2563559634415534
28 28 0.23999725239026518
28 29 0.22320534923961452
28 30 0.2059672906880958
28 31 0.18826880095146228
28 32 0.17009422846905295
28 33 0.1514264675196832
28 34 0.13224686393880614
28 35 0.11253510373018713
28 36 0.09226908294426021
28 37 0.11253510373018713
28 38 0.13224686393880652
28 39 0.1514264675196832
28 40 0.17009422846905312
28 41 0.18826880095146245
28 42 0.20596729068809544
28 43 0.22320534923961452
28 44 0.23999725239026518
28 45 0.2563559634415539
28 46 0.2722931818289062
28 47 0.2878193770626927
28 48 0.30294380754175926
28 49 0.3176745232628723
29 0 0.7401789035570066
29 1 0.6625560516345014
29 2 0.6255808804618745
29 3 0.5951181560917955
29 4 0.5679397843865835
29 5 0.5427976315953924
29 6 0.5190519166403009
29 7 0.4963222484479436
29 8 0.4743601629627274
29 9 0.4650532473149095
29 10 0.4557361822575738
29 11 0.4459182451598621
29 12 0.4356342592176022
29 13 0.42491010700491066
29 14 0.4137650244350598
29 15 0.4022131547343628
29 16 0.39026463086628044
29 17 0.3779263465633972
29 18 0.3652025152425522
29 19 0.35209508036987447
29 20 0.33860401912128246
29 21 0.3247275675420986
29 22 0.31046238659452463
29 23 0.29580368263690143
29 24 0.28074529190909825
29 25 0.2652797358397209
29 26 0.24939825202904645
29 27 0.23309080433239363
29 28 0.21634607439934084
29 29 0.19915143619911096
29 30 0.1814929144023054
29 31 0.16335512693780152
29 32 0.1447212115600533
29 33 0.12557273581453374
29 34 0.10588958935199227
29 35 0.0856498570929012
29 36 0.0856498570929012
29 37 0.10588958935199227
29 38 0.12557273581453374
29 39 0.1447212115600533
29 40 0.16335512693780171
29 41 0.1814929144023054
29 42 0.19915143619911133
29 43 0.21634607439934084
29 44 0.2330908043323938
29 45 0.24939825202904609
29 46 0.2652797358397209
29 47 0.28074529190909825
29 48 0.29580368263690177
29 49 0.31046238659452463
30 0 0.7498799688611205
30 1 0.6724887842040067
30 2 0.6355969044495522
30 3 0.6051917198418416
30 4 0.5780567385124935
30 5 0.5529482709933096
30 6 0.5292287698509273
30 7 0.5065191285425591
30 8 0.48457167992676026
30 9 0.4632136007981089
30 10 0.44231819793766897
30 11 0.4268890836364437
30 12 0.41639588471489364
30 13 0.4054531541876387
30 14 0.3940800394828592
30 15 0.38229052362777555
30 16 0.3700945172722535
30 17 0.35749863585948605
30 18 0.34450676225048676
30 19 0.3311204590163835
30 20 0.317339272656307
30 21 0.30316095820753924
30 22 0.2885816438011041
30 23 0.2735959488032822
30 24 0.25819706516489677
30 25 0.24237680880399792
30 26 0.2261256458550165
30 27 0.20943269716120605
30 28 0.1922857232922035
30 29 0.17467109151744917
30 30 0.15657372547819443
30 31 0.13797703771835945
30 32 0.11886284471502705
30 33 0.09921126355955123
30 34 0.07900058895248752
30 35 0.05820714866464223
30 36 0.07900058895248731
30 37 0.09921126355955123
30 38 0.11886284471502705
30 39 0.13797703771835945
30 40 0.15657372547819404
30 41 0.17467109151744917
30 42 0.19228572329220295
30 43 0.20943269716120588
30 44 0.22612564585501632
30 45 0.24237680880399792
30 46 0.2581970651648964
30 47 0.2735959488032822
30 48 0.2885816438011043
30 49 0.3031609582075389
31 0 0.7592112233119649
31 1 0.6820377607196647
31 2 0.6452220298251408
31 3 0.6148682767831279
31 4 0.5877710659784758
31 5 0.5626909393447442
31 6 0.5389924721465766
31 7 0.5162977746050452
31 8 0.49435993045251875
31 9 0.473006597670302
31 10 0.4521113939626473
31 11 0.431577972874277
31 12 0.4113305226111245
31 13 0.39130777843302467
31 14 0.37413567843947876
31 15 0.36210020987166047
31 16 0.34964796771361784
31 17 0.3367852624594449
31 18 0.3235156168252339
31 19 0.3098401797728457
31 20 0.2957580310349022
31 21 0.2812664048706777
31 22 0.26636085276791255
31 23 0.2510353588227949
31 24 0.23528241746057837
31 25 0.2190930803233958
31 26 0.2024569771262139
31 27 0.1853623137959307
31 28 0.16779585008485876
31 29 0.14974285796907102
31 30 0.13118706142175102
31 31 0.11211055753261553
31 32 0.09249371838234538
31 33 0.07231507254042922
31 34 0.05155116450574127
31 35 0.05155116450574127
31 36 0.07231507254042922
31 37 0.09249371838234538
31 38 0.11211055753261573
31 39 0.13118706142175102
31 40 0.14974285796907102
31 41 0.16779585008485895
31 42 0.18536231379593088
31 43 0.2024569771262139
31 44 0.2190930803233958
31 45 0.23528241746057837
31 46 0.2510353588227949
31 47 0.26636085276791255
31 48 0.2812664048706777
31 49 0.2957580310349019
32 0 0.7681895446655106
32 1 0.6912204434208093
32 2 0.6544739674706356
32 3 0.6241657290540313
32 4 0.597100828937514
32 5 0.5720438374896334
32 6 0.5483613466254726
32 7 0.5256766183010609
32 8 0.5037434426998114
32 9 0.482389926064745
32 10 0.4614899709558796
32 11 0.44094740486743905
32 12 0.4206865100682006
32 13 0.4006460551993454
32 14 0.3807753634840673
32 15 0.36103162556756074
32 16 0.3413780047177007
32 17 0.32178226403094434
32 18 0.3022157476456788
32 19 0.28824035444854446
32 20 0.27384580817189874
32 21 0.25902877882835834
32 22 0.2437841933111464
32 23 0.2281053475301765
32 24 0.21198397994286308
32 25 0.19541031329638947
32 26 0.17837306933678904
32 27 0.16085945972140792
32 28 0.14285515521513617
32 29 0.12434423433588261
32 30 0.10530911185666914
32 31 0.08573044690937305
32 32 0.06558702982201549
32 33 0.044855646219827384
32 34 0.023510916296817407
32 35 0.044855646219827384
32 36 0.06558702982201549
32 37 0.08573044690937305
32 38 0.10530911185666914
32 39 0.12434423433588261
32 40 0.14285515521513673
32 41 0.1608594597214083
32 42 0.1783730693367894
32 43 0.19541031329638947
32 44 0.21198397994286325
32 45 0.2281053475301765
32 46 0.24378419331114676
32 47 0.25902877882835834
32 48 0.2738458081718989
32 49 0.28824035444854446
33 0 0.7768303185512689
33 1 0.7000527427169505
33 2 0.6633688471117889
33 3 0.6331003730243071
33 4 0.6060624614376369
33 5 0.5810235171483976
33 6 0.557352047072944
33 7 0.534672402302103
33 8 0.5127390364515954
33 9 0.49138047189918
33 10 0.4704708703949463
33 11 0.4499142116870262
33 12 0.42963485286666014
33 13 0.4095715781854889
33 14 0.38967367885898163
33 15 0.36989827339057224
33 16 0.35020841757836546
33 17 0.3305717346977167
33 18 0.3109593983809818
33 19 0.2913453605822871
33 20 0.2717057534303237
33 21 0.25201841662388
33 22 0.23226251675953358
33 23 0.21241823470924662
33 24 0.19246650372132
33 25 0.1723887854132978
33 26 0.1538538611953393
33 27 0.13590297179383598
33 28 0.11744127749542568
33 29 0.09845155438071113
33 30 0.0789147861495737
33 31 0.05881005734642526
33 32 0.038114422968767846
33 33 0.01680275258340606
33 34 0.01680275258340606
33 35 0.038114422968768054
33 36 0.05881005734642526
33 37 0.0789147861495735
33 38 0.09845155438071072
33 39 0.11744127749542568
33 40 0.13590297179383598
33 41 0.1538538611953393
33 42 0.1723887854132974
33 43 0.19246650372132
33 44 0.2124182347092461
33 45 0.23226251675953322
33 46 0.25201841662387986
33 47 0.2717057534303237
33 48 0.2913453605822866
33 49 0.31095939838098163
34 0 0.7851475942924152
34 1 0.7085491789417028
34 2 0.6719213817443405
34 3 0.6416870658465237
34 4 0.6146709378061241
34 5 0.5896450509430167
34 6 0.5659797294711356
34 7 0.5433003531621815
34 8 0.521361997251509
34 9 0.4999935687706479
34 10 0.479069463269845
34 11 0.458493791063372
34 12 0.43819096462186036
34 13 0.4180997656555841
34 14 0.3981694358457159
34 15 0.37835700415626833
34 16 0.35862540125189457
34 17 0.3389420923217942
34 18 0.31927806132284275
34 19 0.2996070393346418
34 20 0.2799049060183721
34 21 0.26014921594776946
34 22 0.24031881626386756
34 23 0.22039353179625723
34 24 0.200353900320404
34 25 0.1801809450912897
34 26 0.15985597489693443
34 27 0.13936040404837738
34 28 0.11867558624805795
34 29 0.09778265734138188
34 30 0.0766623826788536
34 31 0.055295005278955645
34 32 0.03366009123687389
34 33 0.0117363689024734
34 34 0.03366009123687411
34 35 0.05529500527895586
34 36 0.07666238267885381
34 37 0.09778265734138188
34 38 0.11867558624805814
34 39 0.13936040404837813
34 40 0.1598559748969346
34 41 0.1801809450912897
34 42 0.200353900320404
34 43 0.22039353179625723
34 44 0.24031881626386756
34 45 0.26014921594776946
34 46 0.2799049060183724
34 47 0.29960703933464194
34 48 0.3192780613228432
34 49 0.3389420923217943
35 0 0.7931542194373377
35 1 0.7167230219623386
35 2 0.6801450095075906
35 3 0.6499393691177071
35 4 0.6229399178421436
35 5 0.5979221789461804
35 6 0.5742581997705701
35 7 0.5515743301997589
35 8 0.5296262262966238
35 9 0.5082431487661976
35 10 0.48729970172158393
35 11 0.46670010425180747
35 12 0.4463688044546642
35 13 0.4262445628600693
35 14 0.40627655343640084
35 15 0.3864216973975763
35 16 0.36664278163365077
35 17 0.3469070938315894
35 18 0.3271854077645062
35 19 0.3074512117280944
35 20 0.28768010929060156
35 21 0.2678493442261966
35 22 0.2479374161345363
35 23 0.22792376290327596
35 24 0.20778849266744265
35 25 0.18751215236456303
35 26 0.16707552306327897
35 27 0.14645943439113657
35 28 0.12564459188519359
35 29 0.10461141212053987
35 30 0.08333986115725686
35 31 0.06180929226409736
35 32 0.03999827907653193
35 33 0.039998279076531716
35 34 0.061809292264097565
35 35 0.08333986115725665
35 36 0.10461141212053968
35 37 0.12564459188519359
35 38 0.14645943439113657
35 39 0.1670755230632788
35 40 0.18751215236456303
35 41 0.20778849266744265
35 42 0.2279237629032758
35 43 0.2479374161345363
35 44 0.2678493442261966
35 45 0.28768010929060156
35 46 0.3074512117280944
35 47 0.3271854077645064
35 48 0.3469070938315894
35 49 0.36664278163365077
36 0 0.8008619563365069
36 1 0.7245864121101483
36 2 0.6880520165307824
36 3 0.6578696732250924
36 4 0.6308818724339503
36 5 0.6058674354127431
36 6 0.582200041612793
36 7 0.559506954106721
36 8 0.5375443698376062
36 9 0.516141872563668
36 10 0.4951742497540417
36 11 0.47454580726431594
36 12 0.4541810086475716
36 13 0.4340185740147857
36 14 0.4140075906730846
36 15 0.3941048529356486
36 16 0.3742729841602244
36 17 0.3544790738098566
36 18 0.33469366345307255
36 19 0.3148899749494219
36 20 0.29504331014638896
36 21 0.2751305740462748
36 22 0.25512988798495073
36 23 0.23502026898084882
36 24 0.21478135787905048
36 25 0.19439318333268604
36 26 0.17383595171561736
36 27 0.15308985517970472
36 28 0.1321348915358311
36 29 0.11095069063188426
36 30 0.08951634254133028
36 31 0.0678102232385903
36 32 0.04580981356805838
36 33 0.0678102232385903
36 34 0.0895163425413307
36 35 0.11095069063188386
36 36 0.1321348915358311
36 37 0.15308985517970472
36 38 0.17383595171561736
36 39 0.19439318333268604
36 40 0.21478135787905048
36 41 0.2350202689808483
36 42 0.25512988798495073
36 43 0.2751305740462748
36 44 0.2950433101463886
36 45 0.3148899749494219
36 46 0.33469366345307244
36 47 0.35447907380985627
36 48 0.37427298416022475
36 49 0.39410485293564845
37 0 0.8082815834909562
37 1 0.7321504652647589
37 2 0.6956536436341596
37 3 0.6654893052969032
37 4 0.6385081925554064
37 5 0.6134922586786209
37 6 0.5898167270170207
37 7 0.5671097183228926
37 8 0.5451279311484901
37 9 0.5237012419066955
37 10 0.5027045961234603
37 11 0.4820423640794194
37 12 0.46163900407521546
37 13 0.4414331758444075
37 14 0.4213738601862197
37 15 0.40141770428287016
37 16 0.38152714693102563
37 17 0.36166905716939746
37 18 0.34181372063266546
37 19 0.32193406712570916
37 20 0.30200506888844986
37 21 0.2820032615849361
37 22 0.2619063545842813
37 23 0.24169290667942284
37 24 0.2213420498238406
37 25 0.2008332478537266
37 26 0.18014608018434974
37 27 0.1592600425555304
37 28 0.13815435832905146
37 29 0.11680779478972332
37 30 0.09519847948732374
37 31 0.07330371195104458
37 32 0.07330371195104439
37 33 0.09519847948732292
37 34 0.11680779478972292
37 35 0.13815435832905126
37 36 0.1592600425555302
37 37 0.18014608018434955
37 38 0.2008332478537268
37 39 0.22134204982384006
37 40 0.24169290667942267
37 41 0.26190635458428146
37 42 0.28200326158493544
37 43 0.3020050688884495
37 44 0.32193406712570916
37 45 0.3418137206326648
37 46 0.36166905716939746
37 47 0.3815271469310253
37 48 0.4014177042828703
37 49 0.42137386018621936
38 0 0.8154229839139999
38 1 0.7394253644212961
38 2 0.7029601792531078
38 3 0.6728086231579878
38 4 0.6458292840687554
38 5 0.6208070866782173
38 6 0.5971187125037252
38 7 0.5743930856689693
38 8 0.5523873675771082
38 9 0.5309316969814959
38 10 0.5099011519479842
38 11 0.4892001443858393
38 12 0.46875310597609965
38 13 0.4484986152664059
38 14 0.42838552566272764
38 15 0.4083703157518624
38 16 0.38841521729690076
38 17 0.36848685503819373
38 18 0.3485552330169567
38 19 0.32859296114408804
38 20 0.3085746516125199
38 21 0.2884764372468893
38 22 0.26827557836882493
38 23 0.24795013429522597
38 24 0.2274786819866609
38 25 0.2068400687170715
38 26 0.18601318862245064
38 27 0.1649767750333866
38 28 0.14370920187879854
38 29 0.12218828834218991
38 30 0.10039110146952003
38 31 0.07829375163737343
38 32 0.10039110146952063
38 33 0.12218828834218971
38 34 0.14370920187879913
38 35 0.16497677503338642
38 36 0.18601318862245064
38 37 0.2068400687170715
38 38 0.22747868198666127
38 39 0.24795013429522597
38 40 0.26827557836882493
38 41 0.2884764372468895
38 42 0.30857465161251957
38 43 0.32859296114408804
38 44 0.3485552330169565
38 45 0.36848685503819356
38 46 0.38841521729690104
38 47 0.4083703157518624
38 48 0.428385525662728
38 49 0.44849861526640533
39 0 0.8222952223585727
39 1 0.7464204396642784
39 2 0.7099810405412638
39 3 0.6798370972714745
39 4 0.6528546503363662
39 5 0.62782144010207
39 6 0.6041155226937952
39 7 0.5813665722916717
39 8 0.5593321747435297
39 9 0.5378427007746892
39 10 0.5167733351267707
39 11 0.49602850795795356
39 12 0.47553260217014176
39 13 0.45522409332454067
39 14 0.43505168535463384
39 15 0.41497166538066516
39 16 0.3949460340218949
39 17 0.37494114595218847
39 18 0.35492669577685176
39 19 0.33487494316166494
39 20 0.3147601069231443
39 21 0.2945578802174608
39 22 0.2742450333999624
39 23 0.25379908062526385
39 24 0.2331979926202427
39 25 0.21241994237900383
39 26 0.19144307347492784
39 27 0.17024528268593156
39 28 0.14880400995638704
39 29 0.12709602954573776
39 30 0.1050972366474581
39 31 0.1050972366474585
39 32 0.12709602954573776
39 33 0.14880400995638704
39 34 0.17024528268593156
39 35 0.19144307347492784
39 36 0.21241994237900383
39 37 0.2331979926202427
39 38 0.25379908062526385
39 39 0.2742450333999626
39 40 0.29455788021746093
39 41 0.3147601069231443
39 42 0.3348749431616648
39 43 0.3549266957768516
39 44 0.3749411459521886
39 45 0.394946034021895
39 46 0.41497166538066543
39 47 0.4350516853546343
39 48 0.45522409332454067
39 49 0.47553260217014176
40 0 0.8289066129478225
40 1 0.7531442381445762
40 2 0.7167248442747877
40 3 0.6865833823087837
40 4 0.6595929643007519
40 5 0.6345439948687182
40 6 0.6108158230700992
40 7 0.588038820619109
40 8 0.5659709595940241
40 9 0.5444428121275969
40 10 0.5233296432902739
40 11 0.5025358773889725
40 12 0.4819858254502
40 13 0.4616178370999309
40 14 0.441380443353473
40 15 0.42122971539328696
40 16 0.40112739672759556
40 17 0.38103954405099116
40 18 0.3609355122191163
40 19 0.3407871774555586
40 20 0.32056832859190276
40 21 0.30025417850356106
40 22 0.27982096228734327
40 23 0.259245598181139
40 24 0.2385053935472965
40 25 0.21757778251526233
40 26 0.1964400847776134
40 27 0.17506927697896602
40 28 0.15344176939720058
40 29 0.13153318135938752
40 30 0.10931810916294389
40 31 0.13153318135938752
40 32 0.1534417693972004
40 33 0.17506927697896638
40 34 0.19644008477761377
40 35 0.21757778251526289
40 36 0.2385053935472965
40 37 0.259245598181139
40 38 0.2798209622873431
40 39 0.30025417850356123
40 40 0.32056832859190276
40 41 0.34078717745555887
40 42 0.36093551221911646
40 43 0.38103954405099144
40 44 0.40112739672759556
40 45 0.42122971539328724
40 46 0.441380443353473
40 47 0.46161783709993104
40 48 0.48198582545019986
40 49 0.5025358773889722
41 0 0.8352647784904755
41 1 0.7596045853891318
41 2 0.7231994689082507
41 3 0.6930553797143586
41 4 0.6660521314123142
41 5 0.6409826453012528
41 6 0.6172274833011844
41 7 0.5944176627337078
41 8 0.5723115037239224
41 9 0.550739748904699
41 10 0.5295777167019049
41 11 0.5087298006024885
41 12 0.48812021556638246
41 13 0.46768716101399904
41 14 0.4473789700371582
41 15 0.4271514715910648
41 16 0.40696612399991466
41 17 0.38678865563555115
41 18 0.3665880484879472
41 19 0.3463357589103771
41 20 0.3260051054114529
41 21 0.30557077566087404
41 22 0.285008419205975
41 23 0.26429430180352825
41 24 0.24340500354622152
41 25 0.2223171471876593
41 26 0.2010071459115943
41 27 0.1794509616687809
41 28 0.15762386638149123
41 29 0.13550019895406865
41 30 0.13550019895406845
41 31 0.15762386638149142
41 32 0.17945096166878147
41 33 0.2010071459115943
41 34 0.22231714718765966
41 35 0.24340500354622116
41 36 0.26429430180352825
41 37 0.285008419205975
41 38 0.3055707756608739
41 39 0.3260051054114527
41 40 0.3463357589103771
41 41 0.366588048487947
41 42 0.38678865563555104
41 43 0.40696612399991466
41 44 0.42715147159106465
41 45 0.44737897003715854
41 46 0.46768716101399915
41 47 0.48812021556638246
41 48 0.5087298006024887
41 49 0.529577716701905
42 0 0.8413767025527117
42 1 0.765808639054689
42 2 0.7294121089098886
42 3 0.6992602924051199
42 4 0.6722393445545741
42 5 0.6471445591661474
42 6 0.6233576322908236
42 7 0.6005101753309252
42 8 0.5783608181404054
42 9 0.5567404424482875
42 10 0.5355243922820914
42 11 0.5146170043101719
42 12 0.4939423719650562
42 13 0.4734385186763069
42 14 0.45305355282986254
42 15 0.432743032798632
42 16 0.41246810126026406
42 17 0.39219412516177515
42 18 0.3718896773279776
42 19 0.35152575413703896
42 20 0.3310751591834926
42 21 0.3105120050756781
42 22 0.2898112997887977
42 23 0.26894859335052923
42 24 0.24789966685826187
42 25 0.22664024999301033
42 26 0.20514575596844223
42 27 0.1833910246478489
42 28 0.16135006563457677
42 29 0.1389957936476978
42 30 0.161350065634576
42 31 0.18339102464784907
42 32 0.20514575596844223
42 33 0.22664024999301013
42 34 0.24789966685826187
42 35 0.26894859335052923
42 36 0.2898112997887977
42 37 0.3105120050756778
42 38 0.3310751591834926
42 39 0.3515257541370386
42 40 0.3718896773279776
42 41 0.3921941251617753
42 42 0.4124681012602637
42 43 0.432743032798632
42 44 0.45305355282986254
42 45 0.4734385186763069
42 46 0.4939423719650559
42 47 0.5146170043101721
42 48 0.535524392282091
42 49 0.5567404424482875
43 0 0.8472487751854084
43 1 0.7717629360566239
43 2 0.7353693223201194
43 3 0.7052046725576839
43 4 0.6781611319267589
43 5 0.6530362255392228
43 6 0.6292127059215809
43 7 0.6063227272334951
43 8 0.5841251904347621
43 9 0.5624510842866859
43 10 0.5411757497177115
43 11 0.5202034393716296
43 12 0.49945809822862836
43 13 0.4788775462099007
43 14 0.4584096381898697
43 15 0.4380096312568063
43 16 0.41763831926470374
43 17 0.39726067149757116
43 18 0.37684481169113543
43 19 0.3563612319492246
43 20 0.33578217149715683
43 21 0.3150811123711112
43 22 0.2942323583566068
43 23 0.27321067278718153
43 24 0.2519909569751238
43 25 0.23054795514218396
43 26 0.2088559744077847
43 27 0.18688861008307256
43 28 0.16461846746085293
43 29 0.16461846746085257
43 30 0.18688861008307275
43 31 0.2088559744077847
43 32 0.23054795514218415
43 33 0.25199095697512364
43 34 0.27321067278718136
43 35 0.2942323583566068
43 36 0.3150811123711104
43 37 0.3357821714971565
43 38 0.3563612319492243
43 39 0.37684481169113543
43 40 0.3972606714975707
43 41 0.41763831926470374
43 42 0.4380096312568062
43 43 0.4584096381898694
43 44 0.4788775462099004
43 45 0.49945809822862847
43 46 0.5202034393716295
43 47 0.5411757497177118
43 48 0.5624510842866858
43 49 0.5841251904347619
44 0 0.8528868330621945
44 1 0.7774734338543992
44 2 0.7410770723245153
44 3 0.7108944632808858
44 4 0.6838233986854904
44 5 0.6586634963028736
44 6 0.6347984882971328
44 7 0.6118610202647917
44 8 0.589610225164583
44 9 0.5678771658911694
44 10 0.5465371504441956
44 11 0.5254943188329269
44 12 0.504672438978347
44 13 0.48400909779802903
44 14 0.463451865545947
44 15 0.4429556646536433
44 16 0.42248090388578174
44 17 0.40199211505264815
44 18 0.3814569287403926
44 19 0.3608452836807727
44 20 0.34012879969470244
44 21 0.3192802662273601
44 22 0.29827321264117923
44 23 0.27708153566508936
44 24 0.2556791654867066
44 25 0.23403975598533086
44 26 0.21213638718956412
44 27 0.18994126960400595
44 28 0.16742544082450922
44 29 0.18994126960400595
44 30 0.21213638718956393
44 31 0.23403975598533086
44 32 0.2556791654867063
44 33 0.27708153566508886
44 34 0.2982732126411794
44 35 0.31928026622735983
44 36 0.3401287996947023
44 37 0.3608452836807725
44 38 0.38145692874039244
44 39 0.40199211505264815
44 40 0.42248090388578174
44 41 0.442955664653643
44 42 0.463451865545947
44 43 0.4840090977980289
44 44 0.504672438978347
44 45 0.5254943188329266
44 46 0.5465371504441959
44 47 0.5678771658911694
44 48 0.589610225164583
44 49 0.6118610202647908
45 0 0.8582961946639762
45 1 0.7829455465501394
45 2 0.7465407635045413
45 3 0.7163350348407639
45 4 0.689231463014475
45 5 0.6640316219433736
45 6 0.6401201471502627
45 7 0.6171301241443392
45 8 0.5948208781028386
45 9 0.5730235121299757
45 10 0.5516132701372056
45 11 0.5304941492658095
45 12 0.5095897098432148
45 13 0.48883727403152444
45 14 0.4681840937318379
45 15 0.4475847203064184
45 16 0.426999137644243
45 17 0.40639139619193165
45 18 0.38572858459167836
45 19 0.3649800335991903
45 20 0.34411668217293906
45 21 0.32311055763157653
45 22 0.3019343358518936
45 23 0.2805609566351627
45 24 0.2589632753710884
45 25 0.23711373603535485
45 26 0.2149840530129615
45 27 0.19254489063489
45 28 0.19254489063489
45 29 0.21498405301296133
45 30 0.23711373603535435
45 31 0.2589632753710884
45 32 0.2805609566351625
45 33 0.30193433585189294
45 34 0.3231105576315767
45 35 0.3441166821729386
45 36 0.36498003359918996
45 37 0.385728584591678
45 38 0.40639139619193165
45 39 0.426999137644243
45 40 0.4475847203064182
45 41 0.46818409373183806
45 42 0.4888372740315243
45 43 0.5095897098432148
45 44 0.5304941492658092
45 45 0.5516132701372054
45 46 0.5730235121299756
45 47 0.5948208781028385
45 48 0.6171301241443387
45 49 0.6401201471502622
46 0 0.86348169104488
46 1 0.7881841763514716
46 2 0.7517652733215014
46 3 0.7215312159949222
46 4 0.6943900871785664
46 5 0.6691452822021341
46 6 0.6451822639659178
46 7 0.6221345059481902
46 8 0.5997614848874365
46 9 0.5778943089409979
46 10 0.5564081252201295
46 11 0.5352067558944779
46 12 0.5142135209576854
46 13 0.49336544348951866
46 14 0.4726094203144958
46 15 0.4518995918445066
46 16 0.4311954732843235
46 17 0.4104605851569546
46 18 0.3896614199326836
46 19 0.3687666394480257
46 20 0.3477464329215578
46 21 0.3265719872946804
46 22 0.3052150356177885
46 23 0.2836474582672728
46 24 0.2618409176741156
46 25 0.2397665110216928
46 26 0.21739442766225564
46 27 0.19469359918499282
46 28 0.21739442766225564
46 29 0.23976651102169247
46 30 0.26184091767411544
46 31 0.2836474582672728
46 32 0.3052150356177885
46 33 0.3265719872946799
46 34 0.347746432921558
46 35 0.36876663944802524
46 36 0.38966141993268344
46 37 0.41046058515695477
46 38 0.43119547328432367
46 39 0.4518995918445066
46 40 0.47260942031449593
46 41 0.49336544348951866
46 42 0.5142135209576851
46 43 0.5352067558944776
46 44 0.5564081252201295
46 45 0.577894308940998
46 46 0.599761484887436
46 47 0.6221345059481902
46 48 0.6451822639659176
46 49 0.6691452822021338
47 0 0.8684476926291593
47 1 0.7931937408603633
47 2 0.7567549792972679
47 3 0.7264873208991101
47 4 0.699303504022147
47 5 0.67400861203596
47 6 0.6499888592672568
47 7 0.6268780545725374
47 8 0.6044357844972129
47 9 0.5824931256333669
47 10 0.5609250937778779
47 11 0.5396353018759502
47 12 0.5185467943240019
47 13 0.4975962578522262
47 14 0.4767301940691617
47 15 0.4559022885901495
47 16 0.4350715395205972
47 17 0.4142008835380985
47 18 0.39325615645623896
47 19 0.37220528292531185
47 20 0.35101762494312344
47 21 0.3296634406766432
47 22 0.3081134189912397
47 23 0.286338264040188
47 24 0.26430831003146016
47 25 0.24199314990177234
47 26 0.21936126370952275
47 27 0.21936126370952275
47 28 0.24199314990177234
47 29 0.2643083100314596
47 30 0.28633826404018764
47 31 0.30811341899124
47 32 0.32966344067664305
47 33 0.3510176249431233
47 34 0.37220528292531185
47 35 0.39325615645623896
47 36 0.41420088353809814
47 37 0.4350715395205973
47 38 0.4559022885901495
47 39 0.47673019406916184
47 40 0.4975962578522262
47 41 0.5185467943240019
47 42 0.5396353018759501
47 43 0.5609250937778777
47 44 0.5824931256333663
47 45 0.6044357844972128
47 46 0.6268780545725374
47 47 0.6499888592672568
47 48 0.67400861203596
47 49 0.6993035040221468
48 0 0.8731981324156443
48 1 0.7979781965729573
48 2 0.7615137822764155
48 3 0.7312071719676035
48 4 0.7039754392882476
48 5 0.67862522325528
48 6 0.6545434134237678
48 7 0.6313641005469071
48 8 0.6088469378846657
48 9 0.5868229321282845
48 10 0.5651669311627227
48 11 0.5437823019894797
48 12 0.5225917752574885
48 13 0.5015316607185448
48 14 0.48054802071815306
48 15 0.4595940376853556
48 16 0.4386281389201095
48 17 0.41761261715707404
48 18 0.39651258383836163
48 19 0.375295149667315
48 20 0.3539287619228772
48 21 0.332382649735775
48 22 0.3106263423095954
48 23 0.2886292338923836
48 24 0.266360174904475
48 25 0.24378707203220615
48 26 0.22087648190679948
48 27 0.24378707203220615
48 28 0.26636017490447467
48 29 0.28862923389238343
48 30 0.31062634230959524
48 31 0.332382649735775
48 32 0.35392876192287687
48 33 0.3752951496673148
48 34 0.3965125838383618
48 35 0.41761261715707376
48 36 0.4386281389201094
48 37 0.45959403768535545
48 38 0.48054802071815306
48 39 0.5015316607185448
48 40 0.5225917752574881
48 41 0.5437823019894797
48 42 0.5651669311627222
48 43 0.5868229321282843
48 44 0.6088469378846657
48 45 0.6313641005469072
48 46 0.6545434134237678
48 47 0.67862522325528
48 48 0.7039754392882478
48 49 0.7312071719676033
49 0 0.8777365259032822
49 1 0.802541058908998
49 2 0.76604512608563
49 3 0.7356941189980147
49 4 0.708409130061376
49 5 0.6829982221331817
49 6 0.6588488832613333
49 7 0.6355954314605746
49 8 0.6129975420089788
49 9 0.5908861113579359
49 10 0.569135780480687
49 11 0.5476496308864225
49 12 0.5263500380207972
49 13 0.5051728901789042
49 14 0.48406376191561246
49 15 0.46297527886331025
49 16 0.4418652377147373
49 17 0.42069522002650006
49 18 0.39942953676856213
49 19 0.3780343980462106
49 20 0.3564772372071254
49 21 0.33472614014520397
49 22 0.31274934425693
49 23 0.29051478016279103
49 24 0.2679896346977463
49 25 0.24513991680888164
49 26 0.24513991680888164
49 27 0.2679896346977463
49 28 0.2905147801627912
49 29 0.31274934425693
49 30 0.33472614014520397
49 31 0.3564772372071254
49 32 0.3780343980462106
49 33 0.3994295367685624
49 34 0.4206952200265002
49 35 0.44186523771473757
49 36 0.46297527886331025
49 37 0.484063761915612
49 38 0.5051728901789042
49 39 0.5263500380207972
49 40 0.5476496308864225
49 41 0.5691357804806871
49 42 0.5908861113579355
49 43 0.6129975420089788
49 44 0.6355954314605745
49 45 0.658848883261333
49 46 0.6829982221331817
49 47 0.7084091300613755
49 48 0.7356941189980145
49 49 0.7660451260856296
