0 0 0.25830874074074084
0 1 0.28276249539056897
0 2 0.2927164681481482
0 3 0.3002338736159671
0 4 0.30646952665898314
0 5 0.3118729573999493
0 6 0.3166757586940417
0 7 0.32101609067359727
0 8 0.32498432966830093
0 9 0.3286434836098712
0 10 0.3320395851851853
0 11 0.3352074940655478
0 12 0.3381743689904617
0 13 0.34096186143760376
0 14 0.34358756354295966
0 15 0.3460659988367452
0 16 0.34840932093265575
0 17 0.3506278190815969
0 18 0.35273029216246354
0 19 0.354724330727316
0 20 0.35661653333333343
0 21 0.35841267497307516
0 22 0.3601178399684094
0 23 0.36173652808389867
0 24 0.36327274017029854
0 25 0.3647300479596869
0 26 0.3661116514459946
0 27 0.3674204264359724
0 28 0.3686589642401953
0 29 0.3698296050213703
0 30 0.3709344659806346
0 31 0.3719754653091912
0 32 0.3729543426399081
0 33 0.3738726765854464
0 34 0.3747318998346711
0 35 0.3755333121892916
0 36 0.376278091851852
0 37 0.37696730521988575
0 38 0.3776019153959597
0 39 0.37818278958695345
0 40 0.3787107055363469
0 41 0.37918635710909454
0 42 0.379610359128716
0 43 0.3799832515496341
0 44 0.3803055030339241
0 45 0.38057751398988204
0 46 0.3807996191198054
0 47 0.38097208951572825
0 48 0.3810951343342821
0 49 0.3811689020751471
1 0 0.2898721608729427
1 1 0.3172504280960793
1 2 0.32831931701458517
1 3 0.3366529391948797
1 4 0.3435496563447884
1 5 0.34951460075800195
1 6 0.3548078780873601
1 7 0.3595845819113187
1 8 0.36394611688487866
1 9 0.3679631464723916
1 10 0.3716872726190544
1 11 0.37515755475792056
1 12 0.37840440996009544
1 13 0.3814520765224453
1 14 0.3843202396950739
1 15 0.3870251438433091
1 16 0.3895803766021223
1 17 0.391997436149532
1 18 0.394286150766031
1 19 0.39645499517768223
1 20 0.39851133314265397
1 21 0.4004616062813331
1 22 0.4023114830328768
1 23 0.4040659775671602
1 24 0.40572954573528036
1 25 0.40730616324513713
1 26 0.4087993899151118
1 27 0.41021242290608995
1 28 0.41154814114125393
1 29 0.41280914261540447
1 30 0.41399777591783987
1 31 0.41511616700853915
1 32 0.4161662420711567
1 33 0.4171497471002128
1 34 0.4180682647510593
1 35 0.4189232288804432
1 36 0.41971593712603056
1 37 0.4204475618100863
1 38 0.4211191594018979
1 39 0.42173167873271045
1 40 0.4222859681237303
1 41 0.4227827815605806
1 42 0.4232227840251497
1 43 0.42360655607711495
1 44 0.42393459776176756
1 45 0.4242073319075014
1 46 0.4244251068649736
1 47 0.4245881987301125
1 48 0.4246968130844994
1 49 0.42475108627892855
2 0 0.30249709037037054
2 1 0.3310123966540237
2 2 0.34251106692668287
2 3 0.3511575252578273
2 4 0.3583062425006572
2 5 0.3644840895655143
2 6 0.3699623214300249
2 7 0.3749026536966181
2 8 0.3794108037892422
2 9 0.38356042869857565
2 10 0.387405307680008
2 11 0.3909861415524659
2 12 0.39433462025973354
2 13 0.39747599202970596
2 14 0.4004307586524879
2 15 0.40321583514204984
2 16 0.405845367324303
2 17 0.40833132325508126
2 18 0.41068393060516406
2 19 0.4129120064187465
2 20 0.4150232099674765
2 21 0.41702423955629986
2 22 0.418920987757578
2 23 0.42071866532224217
2 24 0.4224219011533318
2 25 0.4240348237494437
2 26 0.4255611281350963
2 27 0.42700413130150694
2 28 0.4283668184609777
2 29 0.4296518818887328
2 30 0.430861753732218
2 31 0.4319986338714591
2 32 0.43306451368862175
2 33 0.43406119643170116
2 34 0.43499031472296124
2 35 0.43585334565768985
2 36 0.4366516238559508
2 37 0.4373863527641457
2 38 0.4380586144503881
2 39 0.43866937809508655
2 40 0.4392195073434668
2 41 0.4397097666583511
2 42 0.4401408267880546
2 43 0.4405132694446967
2 44 0.4408275912718118
2 45 0.44108420716617414
2 46 0.44128345300678007
2 47 0.44142558783349517
2 48 0.44151079550865313
2 49 0.4415391858866111
3 0 0.31193956463219286
3 1 0.3412969319390081
3 2 0.3531120654401266
3 3 0.36198798512551866
3 4 0.36932086118754803
3 5 0.3756537223837623
3 6 0.381266111414989
3 7 0.38632466644090935
3 8 0.39093831075009117
3 9 0.39518292634929
3 10 0.39911391057208234
3 11 0.40277318373898996
3 12 0.40619338117538023
3 13 0.40940050085882423
3 14 0.4124156504074404
3 15 0.4152562420581153
3 16 0.4179368351131192
3 17 0.42046974530972425
3 18 0.4228654954579997
3 19 0.4251331551722469
3 20 0.4272806013567334
3 21 0.4293147209384665
3 22 0.43124157076481906
3 23 0.4330665052269047
3 24 0.43479427921871916
3 25 0.4364291320038831
3 26 0.4379748561288841
3 27 0.4394348544979361
3 28 0.4408121879823135
3 29 0.44210961539155236
3 30 0.4433296272280872
3 31 0.44447447434144877
3 32 0.44554619236582405
3 33 0.44654662264628453
3 34 0.4474774302205756
3 35 0.448340119315083
3 36 0.4491360467281624
3 37 0.4498664334060912
3 38 0.4505323744624571
3 39 0.45113484784782376
3 40 0.4516747218407301
3 41 0.4521527615017249
3 42 0.4525696342078642
3 43 0.4529259143648395
3 44 0.4532220873768522
3 45 0.45345855293980736
3 46 0.4536356277108805
3 47 0.45375354739654916
3 48 0.453812468291429
3 49 0.45381246829142896
4 0 0.31970791327794623
4 1 0.34975417788562957
4 2 0.3618268227830659
4 3 0.3708887765103134
4 4 0.3783704352119712
4 5 0.38482809112315647
4 6 0.39054809051416217
4 7 0.3957011126411198
4 8 0.40039871249593484
4 9 0.4047185984235233
4 10 0.408717495679918
4 11 0.41243832514978235
4 12 0.41591449754426524
4 13 0.41917262549066897
4 14 0.42223431297869574
4 15 0.42511737933670224
4 16 0.4278367220893599
4 17 0.4304049410667391
4 18 0.4328327999228134
4 19 0.43512957405396124
4 20 0.4373033173487083
4 21 0.4393610697840783
4 22 0.4413090211487414
4 23 0.4431526417101475
4 24 0.44489678762011897
4 25 0.44654578676563805
4 26 0.4481035093037903
4 27 0.44957342607116535
4 28 0.4509586572977444
4 29 0.4522620134965754
4 30 0.4534860299848675
4 31 0.45463299617926817
4 32 0.45570498057010855
4 33 0.45670385209656095
4 34 0.4576312985028498
4 35 0.4584888421447244
4 36 0.4592778536278571
4 37 0.4599995635902055
4 38 0.46065507288455254
4 39 0.4612453613723265
4 40 0.46177129550306806
4 41 0.4622336348237448
4 42 0.46263303753713714
4 43 0.46297006520763184
4 44 0.46324518669513504
4 45 0.46345878138273977
4 46 0.46361114175073703
4 47 0.4637024753380812
4 48 0.4637329061221295
4 49 0.4637024753380812
5 0 0.32638927769245074
5 1 0.35702621167137377
5 2 0.36931848332146233
5 3 0.3785385265862763
5 4 0.3861461766614077
5 5 0.39270913533815927
5 6 0.39851960179122015
5 7 0.40375173172764944
5 8 0.40851934401332013
5 9 0.4129017178891563
5 10 0.41695672059017497
5 11 0.4207281332274422
5 12 0.4242500328978432
5 13 0.4275495602197683
5 14 0.43064874531105934
5 15 0.43356575671610015
5 16 0.4363157818256286
5 17 0.43891166366752987
5 18 0.4413643717863055
5 19 0.44368335720424845
5 20 0.4458768245585937
5 21 0.44795194387968584
5 22 0.44991501760216435
5 23 0.4517716138468526
5 24 0.4535266739265379
5 25 0.45518459989842935
5 26 0.45674932648831756
5 27 0.45822438064140963
5 28 0.4596129311789987
5 29 0.4609178304700108
5 30 0.4621416496023042
5 31 0.46328670821932627
5 32 0.46435509994489493
5 33 0.465348714132258
5 34 0.4662692545288687
5 35 0.4671182553350673
5 36 0.46789709504548416
5 37 0.4686070083908724
5 38 0.4692490966410407
5 39 0.46982433648344046
5 40 0.4703335876543744
5 41 0.47077759946890096
5 42 0.4711570163698736
5 43 0.4714723825950914
5 44 0.471724146043352
5 45 0.47191266140460303
5 46 0.4720381926058079
5 47 0.4721009146121218
5 48 0.4721009146121219
5 49 0.4720381926058079
6 0 0.33228614650287536
6 1 0.3634436956781034
6 2 0.3759285162453756
6 3 0.3852866477788597
6 4 0.39300395518614495
6 5 0.3996582294089633
6 6 0.4055468454199387
6 7 0.4108470331846658
6 8 0.41567461341293943
6 9 0.4201102542441272
6 10 0.42421283238248897
6 11 0.4280268891274554
6 12 0.43158709023388503
6 13 0.4349210424867198
6 14 0.43805115198997224
6 15 0.4409958951621119
6 16 0.4437707146888211
6 17 0.44638866752965367
6 18 0.44886090407572005
6 19 0.45119702933803535
6 20 0.4534053798472278
6 21 0.45549323912736717
6 22 0.4574670076116987
6 23 0.45933233823298925
6 24 0.4610942457820363
6 25 0.46275719595974196
6 26 0.4643251785238792
6 27 0.4658017678426742
6 28 0.46719017337777885
6 29 0.4684932820390032
6 30 0.46971369392147433
6 31 0.47085375261096585
6 32 0.4719155709959688
6 33 0.4729010533351324
6 34 0.47381191418138413
6 35 0.4746496946487329
6 36 0.4754157764167438
6 37 0.4761113937952335
6 38 0.47673764411359765
6 39 0.47729549665215676
6 40 0.4777858002945235
6 41 0.4782092900484209
6 42 0.478566592556127
6 43 0.4788582306936847
6 44 0.47908462733928897
6 45 0.4792461083751095
6 46 0.4793429049727029
6 47 0.47937515519953866
6 48 0.4793429049727029
6 49 0.4792461083751095
7 0 0.3375789737596192
7 1 0.3692038178738157
7 2 0.3818605291840398
7 3 0.3913414666307602
7 4 0.3991559336290593
7 5 0.40589080671974637
7 6 0.4118481220318035
7 7 0.4172078780754442
7 8 0.42208769820541353
7 9 0.4265695010769198
7 10 0.43071307208365883
7 11 0.4345636366044652
7 12 0.43815638989154115
7 13 0.44151935781478324
7 14 0.4446752842540517
7 15 0.4476429219719692
7 16 0.450437942557192
7 17 0.45307359453258583
7 18 0.45556118996785516
7 19 0.4579104712748414
7 20 0.4601298923943838
7 21 0.46222683759574823
7 22 0.4642077940048024
7 23 0.4660784892693015
7 24 0.4678440025812418
7 25 0.4695088550740937
7 26 0.4710770840645495
7 27 0.4725523045023493
7 28 0.47393776018982015
7 29 0.47523636674343983
7 30 0.47645074783126956
7 31 0.47758326589004607
7 32 0.47863604827465145
7 33 0.4796110095997144
7 34 0.4805098708834159
7 35 0.4813341759864057
7 36 0.4820853057462094
7 37 0.4827644901338499
7 38 0.48337281870025484
7 39 0.48391124953213077
7 40 0.48438061689787015
7 41 0.4847816377318044
7 42 0.4851149170782771
7 43 0.4853809525943782
7 44 0.4855801381909002
7 45 0.4857127668743655
7 46 0.4857790328382442
7 47 0.4857790328382442
7 48 0.4857127668743655
7 49 0.4855801381909002
8 0 0.34238580201574
8 1 0.37443552057043084
8 2 0.3872476461154065
8 3 0.39683918094550297
8 4 0.4047408086594871
8 5 0.4115476942237689
8 6 0.4175661260994599
8 7 0.42297862846466266
8 8 0.427904469040821
8 9 0.43242670702034786
8 10 0.4366059563688214
8 11 0.44048806601624174
8 12 0.44410871363928145
8 13 0.4474963067075508
8 14 0.4506738964311169
8 15 0.45366048677030396
8 16 0.4564719571440681
8 17 0.4591217297542386
8 18 0.4616212629987811
8 19 0.4639804233809467
8 20 0.4662077706051641
8 21 0.46831077940754384
8 22 0.4702960144638279
8 23 0.4721692699434078
8 24 0.47393568204468917
8 25 0.4755998206139068
8 26 0.4771657643794981
8 27 0.47863716321249083
8 28 0.4800172900101136
8 29 0.4813090842022173
8 30 0.48251518843540153
8 31 0.48363797965502775
8 32 0.4846795955506359
8 33 0.48564195713455144
8 34 0.48652678807162697
8 35 0.48733563125914797
8 36 0.48806986306204214
8 37 0.48873070553370834
8 38 0.4893192368926905
8 39 0.4898364004766971
8 40 0.4902830123556452
8 41 0.49065976775249576
8 42 0.4909672463931929
8 43 0.4912059168838051
8 44 0.49137614019308745
8 45 0.49147817230135027
8 46 0.49151216606115145
8 47 0.49147817230135027
8 48 0.49137614019308745
8 49 0.49120591688380505
9 0 0.3467889273453193
9 1 0.3792286672451908
9 2 0.3921826335222571
9 3 0.4018746909566851
9 4 0.40985521498399824
9 5 0.41672700510898397
9 6 0.422800266767122
9 7 0.4282598505523826
9 8 0.4332265386821817
9 9 0.43778444062410177
9 10 0.4419949331390582
9 11 0.4459044389923688
9 12 0.449549079598994
9 13 0.452957613199397
9 14 0.4561533732722899
9 15 0.45915559425375774
9 16 0.4619803460053938
9 17 0.4646412096280288
9 18 0.4671497771385723
9 19 0.4695160280881264
9 20 0.4717486182562498
9 21 0.4738551042703934
9 22 0.4758421207021367
9 23 0.47771552135648415
9 24 0.4794804931957224
9 25 0.4811416490775619
9 26 0.4827031038971923
9 27 0.48416853758684897
9 28 0.4855412476028249
9 29 0.4868241929245549
9 30 0.488020031139992
9 31 0.48913114985244904
9 32 0.49015969338610416
9 33 0.49110758556907275
9 34 0.49197654921908285
9 35 0.49276812283626376
9 36 0.4934836749123672
9 37 0.49412441618982283
9 38 0.4946914101430281
9 39 0.49518558190476325
9 40 0.4956077258200682
9 41 0.49595851177637296
9 42 0.4962384904305684
9 43 0.49644809742988716
9 44 0.4965876567029287
9 45 0.49665738287916816
9 46 0.4966573828791681
9 47 0.4965876567029287
9 48 0.4964480974298871
9 49 0.49623849043056856
10 0 0.35084847407407416
10 1 0.38364888831604793
10 2 0.39673323364239366
10 3 0.4065172908595815
10 4 0.41456970811966964
10 5 0.4215003698447274
10 6 0.42762311654511703
10 7 0.43312495772072224
10 8 0.43812808088229827
10 9 0.4427175698538126
10 10 0.44695550884594065
10 11 0.4508888526061763
10 12 0.45455413369861813
10 13 0.457980435143078
10 14 0.4611913515362981
10 15 0.4642063302802646
10 16 0.46704161696485325
10 17 0.4697109390600397
10 18 0.4722260114045339
10 19 0.4745969171920934
10 20 0.4768324000025353
10 21 0.4789400910059869
10 22 0.48092668808580574
10 23 0.482798098733436
10 24 0.4845595552552766
10 25 0.4862157085432913
10 26 0.48777070505232945
10 27 0.4892282504777512
10 28 0.490591662793586
10 29 0.491863916699022
10 30 0.49304768106528085
10 31 0.4941453506318642
10 32 0.4951590729400811
10 33 0.4960907712910796
10 34 0.49694216435983063
10 35 0.49771478297447935
10 36 0.4984099844740214
10 37 0.4990289649803378
10 38 0.4995727698586988
10 39 0.5000423025905768
10 40 0.5004383322413297
10 41 0.5007614996710931
10 42 0.5010123226084753
10 43 0.5011911996821345
10 44 0.5012984134841069
10 45 0.5013341327199865
10 46 0.5012984134841069
10 47 0.5011911996821345
10 48 0.5010123226084754
10 49 0.5007614996710931
11 0 0.3546099732012596
11 1 0.38774586773926084
11 2 0.40095072271176285
11 3 0.41081942672616645
11 4 0.41893768463349756
11 5 0.42592199480837367
11 6 0.432089591262814
11 7 0.4376294988355828
11 8 0.44266521671628156
11 9 0.4472827379826277
11 10 0.4515448068136832
11 11 0.4554988740121731
11 12 0.4591818552958316
11 13 0.4626231361151152
11 14 0.4658465539775314
11 15 0.46887175415661814
11 16 0.47171514526459346
11 17 0.4743905902991687
11 18 0.4769099175564645
11 19 0.4792833056930719
11 20 0.48151957886909963
11 21 0.48362643636174085
11 22 0.48561063357571743
11 23 0.48747812643178845
11 24 0.48923418776539385
11 25 0.49088350205435666
11 26 0.4924302431683699
11 27 0.49387813867112806
11 28 0.4952305233635558
11 29 0.4964903841374624
11 30 0.49766039774823567
11 31 0.49874296276832264
11 32 0.49974022671928064
11 33 0.5006541091772149
11 34 0.5014863214888584
11 35 0.502238383612067
11 36 0.502911638496841
11 37 0.5035072643450673
11 38 0.5040262850243645
11 39 0.5044695788603628
11 40 0.5048378859897387
11 41 0.5051318144214104
11 42 0.5053518449238197
11 43 0.5054983348310244
11 44 0.5055715208382934
11 45 0.5055715208382934
11 46 0.5054983348310245
11 47 0.5053518449238197
11 48 0.5051318144214104
11 49 0.5048378859897388
12 0 0.35810889736622653
12 1 0.3915583009165554
12 2 0.40487503112969503
12 3 0.4148219359481349
12 4 0.4230007185606015
12 5 0.43003408138438365
12 6 0.4362424416604105
12 7 0.44181671458159244
12 8 0.44688162949822147
12 9 0.4515240320306734
12 10 0.45580728494460704
12 11 0.45977930376572373
12 12 0.4634773629296564
12 13 0.466931130789924
12 14 0.4701646718351223
12 15 0.4731978159832281
12 16 0.47604712371341995
12 17 0.4787265840112056
12 18 0.481248130367937
12 19 0.48362202966360146
12 20 0.4858571802257768
12 21 0.4879613436991287
12 22 0.4899413278215631
12 23 0.4918031322081856
12 24 0.4935520658614234
12 25 0.4951928427892291
12 26 0.496729660470701
12 27 0.49816626473488435
12 28 0.49950600376758547
12 29 0.5007518733356368
12 30 0.5019065548526338
12 31 0.5029724475597354
12 32 0.5039516958284053
12 33 0.5048462123868611
12 34 0.5056576981127199
12 35 0.5063876589094467
12 36 0.5070374200854144
12 37 0.5076081385754432
12 38 0.5081008132810332
12 39 0.5085162937536262
12 40 0.5088552874024876
12 41 0.5091183653731095
12 42 0.5093059672118198
12 43 0.5094184044062398
12 44 0.5094558628683412
12 45 0.5094184044062398
12 46 0.5093059672118196
12 47 0.5091183653731097
12 48 0.5088552874024879
12 49 0.5085162937536262
13 0 0.36137352605002204
13 1 0.39511702658968323
13 2 0.4085379776822269
13 3 0.41855735668924854
13 4 0.4267919320234339
13 5 0.4338702487375316
13 6 0.44011572189236364
13 7 0.4457210468094299
13 8 0.4508121110874074
13 9 0.4554765628402967
13 10 0.45977834687925495
13 11 0.46376581576530734
13 12 0.46747658103812123
13 13 0.4709405766611917
13 14 0.474182079976612
13 15 0.4772210937951301
13 16 0.4800743205306825
13 17 0.4827558666411811
13 18 0.485277763416474
13 19 0.48765035945651636
13 20 0.4898826214727259
13 21 0.4919823682775225
13 22 0.49395645521802556
13 23 0.49581092126805243
13 24 0.4975511075779828
13 25 0.49918175392369807
13 26 0.5007070778377658
13 27 0.5021308400214195
13 28 0.5034563987769234
13 29 0.5046867555685779
13 30 0.5058245933507715
13 31 0.5068723089476647
13 32 0.5078320404997789
13 33 0.5087056907855827
13 34 0.5094949470652586
13 35 0.5102012979675979
13 36 0.5108260478410244
13 37 0.5113703289098439
13 38 0.5118351115122561
13 39 0.5122212126439736
13 40 0.5125293029877398
13 41 0.5127599125725438
13 42 0.5129134351752589
13 43 0.5129901315504901
13 44 0.5129901315504901
13 45 0.512913435175259
13 46 0.5127599125725438
13 47 0.5125293029877398
13 48 0.5122212126439736
13 49 0.5118351115122561
14 0 0.3644268367363826
14 1 0.3984470936894145
14 2 0.41196540380966007
14 3 0.4220521117202529
14 4 0.43033821937090433
14 5 0.4374577923191365
14 6 0.4437370781690324
14 7 0.4493704540939348
14 8 0.4544849018035258
14 9 0.4591688272468107
14 10 0.4634867246542303
14 11 0.4674873588802097
14 12 0.471208659233484
14 13 0.4746808097970784
14 14 0.4779282880908419
14 15 0.4809712592532912
14 16 0.48382655868257923
14 17 0.48650840261366357
14 18 0.4890289134285023
14 19 0.49139851552820657
14 20 0.4936262387215233
14 21 0.49571995421258785
14 22 0.4976865605949735
14 23 0.4995321321729116
14 24 0.5012620384859662
14 25 0.5028810415343159
14 26 0.5043933755291758
14 27 0.5058028127977927
14 28 0.5071127186058847
14 29 0.5083260970234448
14 30 0.50944562948574
14 31 0.5104737073443212
14 32 0.5114124594310261
14 33 0.5122637754488293
14 34 0.5130293258408671
14 35 0.5137105786614228
14 36 0.5143088138715904
14 37 0.5148251354014193
14 38 0.5152604812548885
14 39 0.5156156318805004
14 40 0.5158912169858535
14 41 0.5160877209371906
14 42 0.5162054868528917
14 43 0.5162447194718895
14 44 0.5162054868528917
14 45 0.5160877209371906
14 46 0.5158912169858535
14 47 0.5156156318805004
14 48 0.5152604812548884
14 49 0.5148251354014193
15 0 0.3672877989341616
15 1 0.4015691753402619
15 2 0.41517863365763896
15 3 0.4253280023256967
15 4 0.4336617686149863
15 5 0.44081922877879004
15 6 0.4471293142534428
15 7 0.45278799561738603
15 8 0.4579232909482952
15 9 0.4626243238029443
15 10 0.4669561084213477
15 11 0.4709677996277425
15 12 0.4746976270339422
15 13 0.4781760108284748
15 14 0.481427617220284
15 15 0.4844727640788039
15 16 0.48732841163454993
15 17 0.49000887886903755
15 18 0.4925263731072106
15 19 0.49489138910180686
15 20 0.4971130148686148
15 21 0.4991991695620792
15 22 0.501156790941404
15 23 0.5029919848491426
15 24 0.5047101456511786
15 25 0.5063160541882235
15 26 0.5078139581024446
15 27 0.5092076381978332
15 28 0.5105004636191138
15 29 0.5116954379916987
15 30 0.5127952381870797
15 31 0.5138022470179533
15 32 0.5147185808931429
15 33 0.5155461132513501
15 34 0.5162864944286808
15 35 0.516941168486055
15 36 0.5175113874204047
15 37 0.5179982231016429
15 38 0.5184025772109839
15 39 0.518725189401704
15 40 0.518966643858076
15 41 0.5191273743898445
15 42 0.5192076681665139
15 43 0.5192076681665139
15 44 0.5191273743898448
15 45 0.518966643858076
15 46 0.518725189401704
15 47 0.5184025772109838
15 48 0.5179982231016429
15 49 0.5175113874204047
16 0 0.36997228675104243
16 1 0.4045005658858228
16 2 0.4181955035150156
16 3 0.4284032615737976
16 4 0.4367811340798013
16 5 0.4439733851384785
16 6 0.4503114951259084
16 7 0.4559929477767984
16 8 0.4611467451245576
16 9 0.46586269179884393
16 10 0.4702062953176641
16 11 0.4742270801630816
16 12 0.4779635603366394
16 13 0.4814463793428168
16 14 0.4847003815733848
16 15 0.48774602883084484
16 16 0.49060039868305794
16 17 0.49327790637193825
16 18 0.49579083846991057
16 19 0.4981497550110132
16 20 0.5003637976449155
16 21 0.5024409292994738
16 22 0.5043881230378968
16 23 0.5062115126284983
16 24 0.5079165138448709
16 25 0.5095079230968294
16 26 0.510989998292767
16 27 0.5123665256196164
16 28 0.5136408750459086
16 29 0.5148160467060161
16 30 0.5158947098417022
16 31 0.516879235614045
16 32 0.5177717248222662
16 33 0.5185740313530878
16 34 0.5192877820186507
16 35 0.519914393310868
16 36 0.520455085496762
16 37 0.5209108943963461
16 38 0.521282681117219
16 39 0.52157113996454
16 40 0.5217768046986627
16 41 0.5219000532732192
16 42 0.5219411111521065
16 43 0.5219000532732192
16 44 0.5217768046986627
16 45 0.52157113996454
16 46 0.5212826811172189
16 47 0.5209108943963462
16 48 0.5204550854967621
16 49 0.5199143933108681
17 0 0.37249373920861634
17 1 0.40725590219364965
17 2 0.42103110652705616
17 3 0.4312933162410051
17 4 0.43971201232148566
17 5 0.4469361866461346
17 6 0.4532997453015356
17 7 0.4590016118471106
17 8 0.46417172435572895
17 9 0.4689005351071792
17 10 0.4732540204211475
17 11 0.47728205581747557
17 12 0.48102342507790524
17 13 0.4845089832594187
17 14 0.48776374325135646
17 15 0.4908083026568616
17 16 0.49365984943068864
17 17 0.49633288903767303
17 18 0.4988397819733348
17 19 0.5011911487898946
17 20 0.5033961804513554
17 21 0.5054628796899717
17 22 0.5073982511795043
17 23 0.50920845313455
17 24 0.5108989194193143
17 25 0.5124744588138714
17 26 0.5139393363736896
17 27 0.5152973405947192
17 28 0.5165518392090759
17 29 0.5177058257840226
17 30 0.5187619588113253
17 31 0.5197225946081293
17 32 0.5205898150717201
17 33 0.5213654511158221
17 34 0.5220511024489565
17 35 0.5226481542239472
17 36 0.5231577909831291
17 37 0.5235810082397564
17 38 0.5239186219676201
17 39 0.52417127621429
17 40 0.5243394490058461
17 41 0.5244234566701778
17 42 0.5244234566701778
17 43 0.5243394490058461
17 44 0.5241712762142903
17 45 0.5239186219676201
17 46 0.5235810082397564
17 47 0.5231577909831291
17 48 0.5226481542239472
17 49 0.5220511024489565
18 0 0.37486364872013367
18 1 0.4098476971644309
18 2 0.42369834348741475
18 3 0.4340113503108217
18 4 0.44246781595885487
18 5 0.44972123941549397
18 6 0.4561078391936214
18 7 0.4618279112419193
18 8 0.46701228558659336
18 9 0.47175203138394206
18 10 0.4761135711966499
18 11 0.48014711439878005
18 12 0.48389170104753126
18 13 0.4873783868561393
18 14 0.49063234421777335
18 15 0.49367429896178866
18 16 0.49652154293341555
18 17 0.49918866615422736
18 18 0.5016880980225364
18 19 0.5040305150940452
18 20 0.5062251535289771
18 21 0.5082800520559887
18 22 0.5102022433915321
18 23 0.511997906810943
18 24 0.5136724910170226
18 25 0.5152308139995152
18 26 0.516677144854626
18 27 0.5180152713016136
18 28 0.5192485557398973
18 29 0.5203799820331382
18 30 0.5214121947175091
18 31 0.5223475319627151
18 32 0.5231880533333336
18 33 0.5239355631815326
18 34 0.5245916303335929
18 35 0.5251576045998778
18 36 0.5256346305321584
18 37 0.5260236587669549
18 38 0.5263254552239122
18 39 0.5265406083703935
18 40 0.5266695347146052
18 41 0.5267124826472945
18 42 0.5266695347146052
18 43 0.5265406083703935
18 44 0.5263254552239118
18 45 0.5260236587669549
18 46 0.5256346305321584
18 47 0.5251576045998778
18 48 0.524591630333593
18 49 0.5239355631815326
19 0 0.37709192947604087
19 1 0.4122867420124928
19 2 0.4262083381259478
19 3 0.4365687298240282
19 4 0.44506010629784515
19 5 0.4523402696781216
19 6 0.458747646175526
19 7 0.4644838417627309
19 8 0.46968053762456785
19 9 0.4744293912945362
19 10 0.4787972506637253
19 11 0.4828346430061958
19 12 0.48658085209299956
19 13 0.49006712413530584
19 14 0.4933187826223051
19 15 0.49635667450528953
19 16 0.4991981894032943
19 17 0.501857996535957
19 18 0.504348589432622
19 19 0.5066806963371704
19 20 0.5088635946455221
19 21 0.5109053553960337
19 22 0.5128130358691073
19 23 0.5145928330752738
19 24 0.516250207336987
19 25 0.5177899827007262
19 26 0.5192164291802411
19 27 0.5205333305914093
19 28 0.5217440408395129
19 29 0.5228515308582445
19 30 0.5238584279070625
19 31 0.5247670485621589
19 32 0.5255794264531731
19 33 0.5262973355794683
19 34 0.5269223098696421
19 35 0.5274556595137683
19 36 0.5278984844908594
19 37 0.5282516856275199
19 38 0.5285159734528185
19 39 0.5286918750552015
19 40 0.5287797390968418
19 41 0.528779739096842
19 42 0.5286918750552015
19 43 0.5285159734528185
19 44 0.5282516856275198
19 45 0.5278984844908596
19 46 0.5274556595137684
19 47 0.5269223098696421
19 48 0.5262973355794683
19 49 0.5255794264531732
20 0 0.37918720000000017
20 1 0.4145824147691418
20 2 0.42857075556747315
20 3 0.43897532865499467
20 4 0.44749892505584954
20 5 0.4548034605773935
20 6 0.4612294718176883
20 7 0.4669798168018398
20 8 0.47218698992854025
20 9 0.4769432105761191
20 10 0.4813157324690276
20 11 0.4853553858861446
20 12 0.4891016865608311
20 13 0.49258606167511043
20 14 0.49583397790493045
20 15 0.4988663966164417
20 16 0.501700799403576
20 17 0.5043519295793644
20 18 0.5068323402340619
20 19 0.5091528071420955
20 20 0.5113226450944851
20 21 0.5133499538393823
20 22 0.5152418117994605
20 23 0.5170044304246615
20 24 0.5186432784422786
20 25 0.5201631827821119
20 26 0.5215684112076547
20 27 0.5228627404359565
20 28 0.5240495126233329
20 29 0.5251316824282071
20 30 0.5261118563663366
20 31 0.5269923257996985
20 32 0.5277750946150208
20 33 0.5284619024278636
20 34 0.5290542439764172
20 35 0.5295533852335985
20 36 0.5299603766576231
20 37 0.5302760639133359
20 38 0.5305010963241852
20 39 0.5306359332539234
20 40 0.5306808485649204
20 41 0.5306359332539233
20 42 0.5305010963241853
20 43 0.5302760639133359
20 44 0.5299603766576231
20 45 0.5295533852335985
20 46 0.529054243976417
20 47 0.5284619024278635
20 48 0.5277750946150208
20 49 0.5269923257996985
21 0 0.3811570031394359
21 1 0.41674292043537653
21 2 0.4307940502178482
21 3 0.4412397820805637
21 4 0.44979305254853436
21 5 0.45711971429003917
21 6 0.4635623234563168
21 7 0.46932493598668323
21 8 0.4745408240329341
21 9 0.4793027439977825
21 10 0.48367833717702186
21 11 0.48771872287653073
21 12 0.49146363773948987
21 13 0.49494468093372124
21 14 0.49818745483785615
21 15 0.5012130288614973
21 16 0.5040389710397684
21 17 0.5066800938827429
21 18 0.509149005632737
21 19 0.511456525558506
21 20 0.5136120020924102
21 21 0.5156235601486042
21 22 0.5174982958984945
21 23 0.5192424319377178
21 24 0.5208614421607718
21 25 0.5223601531602426
21 26 0.523742827210206
21 27 0.5250132306374206
21 28 0.5261746904728477
21 29 0.5272301416058842
21 30 0.528182166164433
21 31 0.5290330264673293
21 32 0.5297846926082451
21 33 0.5304388655082938
21 34 0.5309969961011866
21 35 0.5314603011777023
21 36 0.5318297763063186
21 37 0.5321062061574278
21 38 0.5322901724845013
21 39 0.5323820599529243
21 40 0.5323820599529243
21 41 0.5322901724845012
21 42 0.5321062061574277
21 43 0.5318297763063184
21 44 0.5314603011777023
21 45 0.5309969961011866
21 46 0.5304388655082936
21 47 0.5297846926082451
21 48 0.5290330264673293
21 49 0.528182166164433
22 0 0.3830079796412784
22 1 0.4187754804340603
22 2 0.432885661302872
22 3 0.4433696867900806
22 4 0.45195021133172036
22 5 0.4592968587611794
22 6 0.4657541196369131
22 7 0.4715271970385707
22 8 0.4767501075877959
22 9 0.48151612138932076
22 10 0.48589325012462115
22 11 0.4899328889468556
22 12 0.4936749849619108
22 13 0.49715130080478753
22 14 0.5003875674355004
22 15 0.5034049562187157
22 16 0.5062211163169617
22 17 0.508850924709634
22 18 0.5113070405081144
22 19 0.5136003225285164
22 20 0.5157401491478866
22 21 0.5177346669307313
22 22 0.5195909864050308
22 23 0.5213153379944079
22 24 0.5229131974743151
22 25 0.5243893878065223
22 26 0.5257481624386624
22 27 0.5269932738922529
22 28 0.5281280305460843
22 29 0.5291553438476162
22 30 0.5300777676825306
22 31 0.5308975312534439
22 32 0.5316165665292204
22 33 0.5322365311025816
22 34 0.5327588271186257
22 35 0.5331846167981557
22 36 0.5335148349681449
22 37 0.5337501989205153
22 38 0.533891215844426
22 39 0.533938188012478
22 40 0.533891215844426
22 41 0.5337501989205152
22 42 0.5335148349681448
22 43 0.5331846167981557
22 44 0.5327588271186257
22 45 0.5322365311025816
22 46 0.5316165665292204
22 47 0.5308975312534436
22 48 0.5300777676825306
22 49 0.5291553438476162
23 0 0.3847460067490377
23 1 0.4206864838580787
23 2 0.4348521689634964
23 3 0.4453717605392724
23 4 0.45397722874434165
23 5 0.461341812706323
23 6 0.4678118572680028
23 7 0.47359366484363646
23 8 0.47882196515976405
23 9 0.48359052001775393
23 10 0.4879676952425272
23 11 0.4920051493514285
23 12 0.4957430299913197
23 13 0.49921325514737097
23 14 0.502441677548614
23 15 0.5054495646636857
23 16 0.5082546416489836
23 17 0.510871845359032
23 18 0.5133138815854567
23 19 0.5155916448048594
23 20 0.5177145396720857
23 21 0.5196907308883736
23 22 0.5215273399220852
23 23 0.5232306016579757
23 24 0.5248059903922496
23 25 0.5262583220632662
23 26 0.5275918378304039
23 27 0.5288102728431455
23 28 0.5299169131206469
23 29 0.5309146427837568
23 30 0.5318059833758382
23 31 0.5325931266269922
23 32 0.5332779617245871
23 33 0.5338620979272823
23 34 0.5343468831828783
23 35 0.5347334192697966
23 36 0.5350225738686116
23 37 0.5352149898768896
23 38 0.5353110922023985
23 39 0.5353110922023985
23 40 0.5352149898768896
23 41 0.5350225738686114
23 42 0.5347334192697966
23 43 0.5343468831828783
23 44 0.5338620979272823
23 45 0.5332779617245871
23 46 0.5325931266269922
23 47 0.5318059833758382
23 48 0.530914642783757
23 49 0.5299169131206469
24 0 0.38637631006370043
24 1 0.42248160952029923
24 2 0.43669942020610464
24 3 0.44725197096211455
24 4 0.45588016804173687
24 5 0.46326071871890445
24 6 0.4697417464545842
24 7 0.47553060782244705
24 8 0.4807627159861385
24 9 0.48553230360046706
24 10 0.4899080752210698
24 11 0.49394194085576776
24 12 0.4976742392269755
24 13 0.501137035898352
24 14 0.5043562988174446
24 15 0.5073533859027515
24 16 0.5101460933159451
24 17 0.5127494132944009
24 18 0.515176094186432
24 19 0.5174370622753675
24 20 0.5195417448310319
24 21 0.5214983211548374
24 22 0.5233139201906006
24 23 0.5249947778433183
24 24 0.5265463634703096
24 25 0.5279734824684341
24 26 0.5292803600942615
24 27 0.5304707103767569
24 28 0.5315477930550685
24 29 0.5325144607918046
24 30 0.5333731984033985
24 31 0.534126155464856
24 32 0.5347751733522317
24 33 0.5353218075584422
24 34 0.5357673459392086
24 35 0.5361128234034284
24 36 0.5363590334468069
24 37 0.5365065368320897
24 38 0.5365556676384441
24 39 0.5365065368320897
24 40 0.5363590334468069
24 41 0.5361128234034286
24 42 0.5357673459392086
24 43 0.5353218075584422
24 44 0.5347751733522317
24 45 0.5341261554648559
24 46 0.5333731984033985
24 47 0.5325144607918049
24 48 0.5315477930550685
24 49 0.5304707103767569
25 0 0.3879035547047157
25 1 0.4241659253998923
25 2 0.43843263151667333
25 3 0.4490156405070187
25 4 0.457664435213682
25 5 0.46505905168695805
25 6 0.4715493203106019
25 7 0.47734360898304706
25 8 0.48257798614414765
25 9 0.4873471354876665
25 10 0.49172008561820224
25 11 0.4957489866939527
25 12 0.4994743594434621
25 13 0.5029284095330439
25 14 0.5061372137984097
25 15 0.509122215114712
25 16 0.5119012757732703
25 17 0.5144894389749413
25 18 0.5168994915395223
25 19 0.5191423877108974
25 20 0.5212275736903971
25 21 0.5231632397956969
25 22 0.5249565189078247
25 23 0.5266136444119213
25 24 0.5281400771411551
25 25 0.5295406082796481
25 26 0.5308194433843066
25 27 0.5319802714014169
25 28 0.5330263216218969
25 29 0.5339604108329772
25 30 0.5347849824121819
25 31 0.5355021387225514
25 32 0.5361136678717529
25 33 0.5366210656678523
25 34 0.5370255534235447
25 35 0.5373280921159478
25 36 0.5375293932911686
25 37 0.5376299270046958
25 38 0.5376299270046957
25 39 0.5375293932911686
25 40 0.5373280921159478
25 41 0.537025553423545
25 42 0.5366210656678523
25 43 0.5361136678717526
25 44 0.5355021387225514
25 45 0.534784982412182
25 46 0.5339604108329772
25 47 0.5330263216218969
25 48 0.5319802714014169
25 49 0.5308194433843065
26 0 0.38933192025599295
26 1 0.4257439703842246
26 2 0.4400564731969919
26 3 0.450667532672366
26 4 0.4593348667571844
26 5 0.46674170786991903
26 6 0.4732395251724212
26 7 0.4790376571427716
26 8 0.484272800678039
26 9 0.4890400716090901
26 10 0.49340880855269154
26 11 0.4974313909444523
26 12 0.5011485127923607
26 13 0.504592512641354
26 14 0.5077895700676074
26 15 0.510761207537814
26 16 0.5135253486808182
26 17 0.5160970832873795
26 18 0.5184892325763605
26 19 0.520712774888969
26 20 0.5227771716296319
26 21 0.5246906204766189
26 22 0.5264602546116404
26 23 0.5280923012347001
26 24 0.529592208916485
26 25 0.5309647507746483
26 26 0.5322141086554947
26 27 0.5333439422120436
26 28 0.5343574458325385
26 29 0.5352573956834928
26 30 0.5360461886163155
26 31 0.5367258742969101
26 32 0.5372981816189142
26 33 0.537764540229016
26 34 0.5381260978094433
26 35 0.538383733615492
26 36 0.5385380686452768
26 37 0.5385894727174954
26 38 0.5385380686452766
26 39 0.5383837336154922
26 40 0.5381260978094433
26 41 0.537764540229016
26 42 0.5372981816189143
26 43 0.5367258742969101
26 44 0.5360461886163155
26 45 0.5352573956834927
26 46 0.5343574458325385
26 47 0.5333439422120436
26 48 0.5322141086554947
26 49 0.5309647507746482
27 0 0.3906651628732881
27 1 0.4272198219941742
27 2 0.44157513923027925
27 3 0.4522119234365579
27 4 0.46089580237057803
27 5 0.4683130786629266
27 6 0.47481679529396636
27 7 0.48061722244705485
27 8 0.4858516598552107
27 9 0.4906156373954101
27 10 0.49497879022898883
27 11 0.4989937166042102
27 12 0.5027012753769893
27 13 0.5061339309589422
27 14 0.509317959667455
27 15 0.5122749582934192
27 16 0.5150229070669611
27 17 0.5175769380151118
27 18 0.5199499026714002
27 19 0.5221527995697577
27 20 0.5241951015200143
27 21 0.5260850098087351
27 22 0.5278296541576447
27 23 0.5294352517638471
27 24 0.5309072350149513
27 25 0.5322503548942827
27 26 0.5334687652779133
27 27 0.5345660920283462
27 28 0.5355454898479113
27 29 0.5364096891611142
27 30 0.5371610347768974
27 31 0.5378015176893206
27 32 0.5383328010738386
27 33 0.5387562413015117
27 34 0.5390729046074987
27 35 0.539283579900008
27 36 0.5393887880719023
27 37 0.5393887880719023
27 38 0.5392835799000081
27 39 0.5390729046074985
27 40 0.5387562413015117
27 41 0.5383328010738386
27 42 0.5378015176893207
27 43 0.5371610347768975
27 44 0.5364096891611142
27 45 0.535545489847911
27 46 0.5345660920283462
27 47 0.5334687652779134
27 48 0.5322503548942827
27 49 0.5309072350149512
28 0 0.39190666712551575
28 1 0.42859715290239875
28 2 0.44299240557662223
28 3 0.4536526608497796
28 4 0.46235114559038404
28 5 0.46977711211629886
28 6 0.4762851151316754
28 7 0.48208631932948104
28 8 0.4873186027282289
28 9 0.4920778918808999
28 10 0.49643410552763123
28 11 0.5004400506200245
28 12 0.5041367426825747
28 13 0.5075567651574165
28 14 0.5107264852206734
28 15 0.5136675687893777
28 16 0.5163980479881918
28 17 0.5189330927216458
28 18 0.5212855807170715
28 19 0.5234665267307422
28 20 0.5254854110860284
28 21 0.5273504348030456
28 22 0.5290687202314944
28 23 0.5306464705662182
28 24 0.5320890978773467
28 25 0.5334013266973741
28 26 0.5345872783856773
28 27 0.5356505401878433
28 28 0.5365942219605861
28 29 0.537421002835311
28 30 0.5381331695718092
28 31 0.5387326479581505
28 32 0.5392210283086518
28 33 0.5395995858740986
28 34 0.5398692967893332
28 35 0.5400308500297198
28 36 0.5400846557200754
28 37 0.54003085002972
28 38 0.5398692967893332
28 39 0.5395995858740986
28 40 0.5392210283086517
28 41 0.5387326479581507
28 42 0.5381331695718092
28 43 0.5374210028353111
28 44 0.5365942219605861
28 45 0.5356505401878431
28 46 0.5345872783856771
28 47 0.5334013266973743
28 48 0.5320890978773467
28 49 0.5306464705662183
29 0 0.39305948955172165
29 1 0.4298792784086082
29 2 0.44431167913216474
29 3 0.4549932150727246
29 4 0.463704414697847
29 5 0.4711373645725773
29 6 0.4776480716127123
29 7 0.4834485593341853
29 8 0.48867726044881
29 9 0.4934304814561674
29 10 0.49777841215081287
29 11 0.5017740583860442
29 12 0.5054585843884161
29 13 0.5088646859365642
29 14 0.5120188152698726
29 15 0.5149427022755155
29 16 0.5176544262698048
29 17 0.5201691906460292
29 18 0.522499895143372
29 19 0.5246575666792804
29 20 0.5266516890787727
29 21 0.5284904590710878
29 22 0.5301809875414015
29 23 0.5317294594698386
29 24 0.5331412622263793
29 25 0.5344210892894575
29 26 0.535573024626028
29 27 0.5366006116615951
29 28 0.5375069098172823
29 29 0.5382945408893447
29 30 0.5389657270215226
29 31 0.5395223216220151
29 32 0.5399658342695518
29 33 0.5402974504120686
29 34 0.5405180464688568
29 35 0.5406282007893999
29 36 0.5406282007893999
29 37 0.5405180464688568
29 38 0.5402974504120683
29 39 0.5399658342695518
29 40 0.5395223216220151
29 41 0.5389657270215227
29 42 0.5382945408893447
29 43 0.5375069098172823
29 44 0.5366006116615951
29 45 0.5355730246260278
29 46 0.5344210892894575
29 47 0.5331412622263793
29 48 0.5317294594698386
29 49 0.5301809875414015
30 0 0.39412639547584005
30 1 0.43106919655561543
30 2 0.44553603909007033
30 3 0.4562367206401287
30 4 0.4649587857053109
30 5 0.4723970442587806
30 6 0.4789088982481022
30 7 0.4847071956836467
30 8 0.4899309012360623
30 9 0.49467668519075625
30 10 0.49901499625893486
30 11 0.5029990296578986
30 12 0.5066700905261045
30 13 0.5100609803951798
30 14 0.5131982308308359
30 15 0.5161036305499869
30 16 0.5187953013361952
30 17 0.5212884756278123
30 18 0.5235960709076029
30 19 0.5257291220762301
30 20 0.5276971123011227
30 21 0.5295082298174034
30 22 0.5311695697412531
30 23 0.5326872943780698
30 24 0.5340667617286827
30 25 0.5353126292851045
30 26 0.5364289383692846
30 27 0.5374191829529256
30 28 0.5382863659401733
30 29 0.5390330451892456
30 30 0.5396613710204111
30 31 0.5401731165556637
30 32 0.5405697019246181
30 33 0.5408522131264358
30 34 0.5410214161407364
30 35 0.541077766717911
30 36 0.541021416140736
30 37 0.5408522131264358
30 38 0.5405697019246182
30 39 0.5401731165556636
30 40 0.5396613710204112
30 41 0.5390330451892456
30 42 0.5382863659401733
30 43 0.5374191829529257
30 44 0.5364289383692846
30 45 0.5353126292851044
30 46 0.5340667617286827
30 47 0.5326872943780699
30 48 0.5311695697412531
30 49 0.5295082298174034
31 0 0.3951098902904628
31 1 0.4321696222084701
31 2 0.44666827206806414
31 3 0.4573860123450666
31 4 0.46611712884364004
31 5 0.4735590482765245
31 6 0.4800705125521743
31 7 0.48586516106989674
31 8 0.49108246849196846
31 9 0.4958194532321477
31 10 0.5001468111170204
31 11 0.5041179174136466
31 12 0.5077742105243443
31 13 0.511148591230542
31 14 0.5142676647182602
31 15 0.5171532733831868
31 16 0.5198235767046979
31 17 0.5222938316419641
31 18 0.52457696904049
31 19 0.5266840274619395
31 20 0.5286244850803329
31 21 0.53040651722306
31 22 0.5320371986863797
31 23 0.5335226643553317
31 24 0.5348682378638521
31 25 0.5360785354084483
31 26 0.53715754998284
31 27 0.5381087199795147
31 28 0.5389349851429519
31 29 0.5396388321492829
31 30 0.5402223315546066
31 31 0.5406871674482815
31 32 0.5410346608327017
31 33 0.5412657875019684
31 34 0.5413811909899762
31 35 0.5413811909899762
31 36 0.5412657875019684
31 37 0.5410346608327017
31 38 0.5406871674482814
31 39 0.5402223315546069
31 40 0.5396388321492828
31 41 0.5389349851429519
31 42 0.5381087199795148
31 43 0.5371575499828398
31 44 0.5360785354084481
31 45 0.5348682378638517
31 46 0.5335226643553317
31 47 0.5320371986863797
31 48 0.5304065172230596
31 49 0.5286244850803328
32 0 0.3960122461691318
32 1 0.4331830161440222
32 2 0.4477109020834473
32 3 0.45844365584947766
32 4 0.46718203967603106
32 5 0.4746259941322184
32 6 0.4811355479252006
32 7 0.48692509983903753
32 8 0.49213461324565355
32 9 0.49686143947323264
32 10 0.501176509952605
32 11 0.5051333708718388
32 12 0.5087735863585662
32 13 0.5121301499918982
32 14 0.515229734875797
32 15 0.5180942318969107
32 16 0.5207418333858373
32 17 0.5231878161911615
32 18 0.5254451200000002
32 19 0.5275247825391309
32 20 0.5294362724450895
32 21 0.5311877474789742
32 22 0.5327862572816164
32 23 0.5342379042439953
32 24 0.5355479722590591
32 25 0.536721030488201
32 26 0.5377610174218894
32 27 0.5386713091863746
32 28 0.5394547750821231
32 29 0.5401138226251685
32 30 0.5406504338257655
32 31 0.5410661940285306
32 32 0.5413623143188325
32 33 0.5415396482458779
32 34 0.541598703404998
32 35 0.541539648245878
32 36 0.5413623143188324
32 37 0.5410661940285306
32 38 0.5406504338257655
32 39 0.5401138226251686
32 40 0.539454775082123
32 41 0.5386713091863746
32 42 0.5377610174218896
32 43 0.536721030488201
32 44 0.535547972259059
32 45 0.5342379042439953
32 46 0.5327862572816164
32 47 0.5311877474789742
32 48 0.5294362724450895
32 49 0.5275247825391308
33 0 0.39683552497328145
33 1 0.4341116099870321
33 2 0.44866621623837266
33 3 0.4594119739031982
33 4 0.4681558657362376
33 5 0.47560024671866286
33 6 0.48210638092211994
33 7 0.48788939550215904
33 8 0.4930897218686303
33 9 0.4978050294386074
33 10 0.5021064739828195
33 11 0.5060477636310292
33 12 0.5096705807756302
33 13 0.5130080053635837
33 14 0.5160867726907541
33 15 0.5189288168832484
33 16 0.5215523581780219
33 17 0.5239726885464302
33 18 0.526202751826123
33 19 0.5282535802075832
33 20 0.5301346280028373
33 21 0.531854030464977
33 22 0.5334188069168126
33 23 0.5348350218058326
33 24 0.5361079134797092
33 25 0.5372419978333971
33 26 0.5382411521173435
33 27 0.5391086828625384
33 28 0.5398473809065834
33 29 0.5404595657856788
33 30 0.5409471212159206
33 31 0.5413115229721752
33 32 0.5415538601479543
33 33 0.5416748505191544
33 34 0.5416748505191545
33 35 0.5415538601479543
33 36 0.5413115229721752
33 37 0.5409471212159206
33 38 0.5404595657856786
33 39 0.5398473809065834
33 40 0.5391086828625384
33 41 0.5382411521173435
33 42 0.5372419978333971
33 43 0.5361079134797093
33 44 0.5348350218058326
33 45 0.5334188069168125
33 46 0.531854030464977
33 47 0.5301346280028372
33 48 0.528253580207583
33 49 0.526202751826123
34 0 0.39758159797000114
34 1 0.43495742766514617
34 2 0.44953628680903757
34 3 0.46029306888070637
34 4 0.4690407294129304
34 5 0.47648394148032913
34 6 0.4829851546487431
34 7 0.48876019432205653
34 8 0.4939499398175129
34 9 0.49865236415249814
34 10 0.502938836379074
34 11 0.5068632177041459
34 12 0.5104673013714269
34 13 0.5137842472594356
34 14 0.5168408470784046
34 15 0.5196590728509034
34 16 0.5222571676465405
34 17 0.524650433627552
34 18 0.5268518138889869
34 19 0.528872330143227
34 20 0.5307214173094699
34 21 0.5324071828653256
34 22 0.5339366102781674
34 23 0.5353157201729362
34 24 0.5365496990563061
34 25 0.5376430027637547
34 26 0.5385994399267512
34 27 0.5394222394170972
34 28 0.5401141047483439
34 29 0.5406772576896554
34 30 0.5411134728006831
34 31 0.5414241041751736
34 32 0.5416101053497249
34 33 0.5416720430659449
34 34 0.5416101053497249
34 35 0.5414241041751736
34 36 0.5411134728006828
34 37 0.5406772576896554
34 38 0.5401141047483439
34 39 0.5394222394170969
34 40 0.5385994399267512
34 41 0.537643002763755
34 42 0.5365496990563061
34 43 0.5353157201729362
34 44 0.5339366102781674
34 45 0.5324071828653256
34 46 0.5307214173094698
34 47 0.5288723301432271
34 48 0.5268518138889872
34 49 0.5246504336275519
35 0 0.39825216285948273
35 1 0.43572230392695355
35 2 0.4503229903001572
35 3 0.4610888422093985
35 4 0.469838547663993
35 5 0.47727900435448345
35 6 0.4837737988847874
35 7 0.4895394255813542
35 8 0.4947171920152832
35 9 0.49940536060420904
35 10 0.5036755027894755
35 11 0.5075816240715092
35 12 0.5111656211483045
35 13 0.5144607273580311
35 14 0.5174937849675232
35 15 0.5202867984321025
35 16 0.5228580284210089
35 17 0.5252227821577766
35 18 0.5273939968645432
35 19 0.5293826785548574
35 20 0.5311982373627328
35 21 0.5328487473492238
35 22 0.5343411501600465
35 23 0.535681416227602
35 24 0.5368746733603518
35 25 0.5379253098990495
35 26 0.5388370577420727
35 27 0.5396130591953079
35 28 0.5402559206189101
35 29 0.5407677551129033
35 30 0.5411502159306558
35 31 0.5414045218817057
35 32 0.5415314756462672
35 33 0.5415314756462672
35 34 0.5414045218817057
35 35 0.5411502159306558
35 36 0.5407677551129033
35 37 0.5402559206189101
35 38 0.5396130591953079
35 39 0.538837057742073
35 40 0.5379253098990493
35 41 0.5368746733603517
35 42 0.5356814162276019
35 43 0.5343411501600465
35 44 0.5328487473492238
35 45 0.5311982373627328
35 46 0.5293826785548574
35 47 0.5273939968645432
35 48 0.5252227821577767
35 49 0.5228580284210089
36 0 0.39884875851851864
36 1 0.43640790036627597
36 2 0.4510280239217134
36 3 0.46180101115639033
36 4 0.47055104903571454
36 5 0.47798716896974214
36 6 0.4844740474209667
36 7 0.4902288190241082
36 8 0.4953932003673799
36 9 0.5000657293109746
36 10 0.5043181689219064
36 11 0.5082046602579832
36 12 0.5117671960598633
36 13 0.5150390765878552
36 14 0.5180471886973033
36 15 0.5208135636607516
36 16 0.523356474321838
36 17 0.5256912276026695
36 18 0.5278307494462136
36 19 0.5297860246246069
36 20 0.5315664327223081
36 21 0.5331800083150531
36 22 0.5346336447704826
36 23 0.5359332553973957
36 24 0.53708390180677
36 25 0.5380898966741414
36 26 0.5389548862075632
36 27 0.539681916271567
36 28 0.5402734851278791
36 29 0.5407315850166766
36 30 0.5410577342421444
36 31 0.5412530009904271
36 32 0.5413180197593855
36 33 0.5412530009904271
36 34 0.5410577342421445
36 35 0.5407315850166766
36 36 0.540273485127879
36 37 0.539681916271567
36 38 0.538954886207563
36 39 0.5380898966741414
36 40 0.53708390180677
36 41 0.5359332553973954
36 42 0.5346336447704826
36 43 0.5331800083150531
36 44 0.5315664327223081
36 45 0.5297860246246069
36 46 0.5278307494462136
36 47 0.5256912276026694
36 48 0.5233564743218377
36 49 0.5208135636607516
37 0 0.39937277779286645
37 1 0.4370157193155425
37 2 0.4516529198620199
37 3 0.4624311233559072
37 4 0.4711797883752783
37 5 0.47860999149567784
37 6 0.48508745300813316
37 7 0.4908299198725862
37 8 0.4959794988174091
37 9 0.5006349893855941
37 10 0.5048683355972473
37 11 0.5087338053453572
37 12 0.5122734799553452
37 13 0.515520719975266
37 14 0.5185024507386216
37 15 0.5212407245343436
37 16 0.5237538207271407
37 17 0.5260570403027371
37 18 0.5281632921995615
37 19 0.5300835340357528
37 20 0.5318271086556003
37 21 0.5334020045915626
37 22 0.5348150599163617
37 23 0.5360721232424152
37 24 0.5371781817487774
37 25 0.5381374634319831
37 26 0.5389535188834138
37 27 0.539629286534474
37 28 0.5401671443139212
37 29 0.5405689499171292
37 30 0.5408360713185865
37 31 0.5409694087134529
37 32 0.5409694087134529
37 33 0.5408360713185865
37 34 0.5405689499171292
37 35 0.5401671443139213
37 36 0.5396292865344741
37 37 0.5389535188834138
37 38 0.538137463431983
37 39 0.5371781817487775
37 40 0.5360721232424152
37 41 0.5348150599163615
37 42 0.5334020045915626
37 43 0.5318271086556003
37 44 0.5300835340357528
37 45 0.5281632921995614
37 46 0.5260570403027371
37 47 0.5237538207271407
37 48 0.5212407245343434
37 49 0.5185024507386216
38 0 0.3998254786124099
38 1 0.43754711590673456
38 2 0.45219905766465907
38 3 0.4629805693912502
38 4 0.47172615955555197
38 5 0.47914886346653945
38 6 0.4856154002448645
38 7 0.4913441017483435
38 8 0.4964774462738136
38 9 0.5011144814419053
38 10 0.5053273216070449
38 11 0.5091703527550389
38 12 0.5126857372589989
38 13 0.5159068891904086
38 14 0.5188607660740419
38 15 0.5215694351926314
38 16 0.5240511765110325
38 17 0.5263212791279306
38 18 0.5283926288843512
38 19 0.5302761499074339
38 20 0.5319811416227953
38 21 0.5335155394021215
38 22 0.534886118365203
38 23 0.5360986541203862
38 24 0.5371580503370639
38 25 0.5380684403496209
38 26 0.538833268089586
38 27 0.5394553522732043
38 28 0.5399369367664411
38 29 0.5402797292959468
38 30 0.5404849300958741
38 31 0.540553251622832
38 32 0.5404849300958741
38 33 0.5402797292959469
38 34 0.5399369367664411
38 35 0.5394553522732042
38 36 0.538833268089586
38 37 0.538068440349621
38 38 0.5371580503370639
38 39 0.536098654120386
38 40 0.534886118365203
38 41 0.5335155394021216
38 42 0.5319811416227953
38 43 0.5302761499074338
38 44 0.5283926288843512
38 45 0.5263212791279306
38 46 0.5240511765110323
38 47 0.5215694351926313
38 48 0.5188607660740419
38 49 0.5159068891904085
39 0 0.40020799365552195
39 1 0.43800330854648767
39 2 0.45266767496318616
39 3 0.46345059369035646
39 4 0.47219140647511026
39 5 0.47960502284511
39 6 0.48605911667197554
39 7 0.4917725777679951
39 8 0.4968882376793111
39 9 0.5015053786108675
39 10 0.5056962746488898
39 11 0.509515421074342
39 12 0.5130050536572196
39 13 0.5161986330628668
39 14 0.5191231425067192
39 15 0.5218006579809277
39 16 0.5242494538181117
39 17 0.5264848009148774
39 18 0.5285195554998503
39 19 0.5303646013859362
39 20 0.5320291873432069
39 21 0.5335211878246892
39 22 0.5348473066047659
39 23 0.536013237136889
39 24 0.537023789533593
39 25 0.5378829913667832
39 26 0.538594167574094
39 27 0.5391600033784174
39 28 0.5395825931129596
39 29 0.5398634770800643
39 30 0.5400036679809772
39 31 0.5400036679809773
39 32 0.5398634770800643
39 33 0.5395825931129596
39 34 0.5391600033784173
39 35 0.538594167574094
39 36 0.5378829913667833
39 37 0.5370237895335932
39 38 0.536013237136889
39 39 0.5348473066047659
39 40 0.5335211878246893
39 41 0.5320291873432069
39 42 0.5303646013859362
39 43 0.5285195554998503
39 44 0.5264848009148777
39 45 0.5242494538181117
39 46 0.5218006579809277
39 47 0.5191231425067192
39 48 0.516198633062867
39 49 0.5130050536572197
40 0 0.4005213387504212
40 1 0.4383853880097146
40 2 0.4530598767838596
40 3 0.4638423039492313
40 4 0.47257663255076776
40 5 0.47997956354625126
40 6 0.4864196822951987
40 7 0.4921164100361084
40 8 0.4972129134462555
40 9 0.5018086958906656
40 10 0.5059761805627147
40 11 0.5097699631488796
40 12 0.5132323450147451
40 13 0.5163968262865046
40 14 0.5192904091151678
40 15 0.5219351716117498
40 16 0.5243493758837242
40 17 0.5265482678912766
40 18 0.5285446672514666
40 19 0.5303494100828497
40 20 0.5319716866237187
40 21 0.5334193019167517
40 22 0.5346988791556672
40 23 0.5358160195188113
40 24 0.536775428397294
40 25 0.5375810152089051
40 26 0.5382359720664656
40 27 0.5387428351801659
40 28 0.539103531847469
40 29 0.539319415107153
40 30 0.5393912875275453
40 31 0.539319415107153
40 32 0.5391035318474687
40 33 0.538742835180166
40 34 0.5382359720664657
40 35 0.5375810152089051
40 36 0.536775428397294
40 37 0.5358160195188112
40 38 0.534698879155667
40 39 0.5334193019167517
40 40 0.5319716866237186
40 41 0.5303494100828494
40 42 0.5285446672514666
40 43 0.5265482678912765
40 44 0.5243493758837242
40 45 0.5219351716117497
40 46 0.5192904091151679
40 47 0.5163968262865046
40 48 0.513232345014745
40 49 0.5097699631488796
41 0 0.4007664201697017
41 1 0.43869432532155994
41 2 0.45337664359088875
41 3 0.4641566792608557
41 4 0.4728828088824229
41 5 0.4802734436014924
41 6 0.4866980377184081
41 7 0.4923765177181375
41 8 0.497452367440916
41 9 0.5020252980134474
41 10 0.5061678710497388
41 11 0.5099347736213931
41 12 0.5133683646982444
41 13 0.5165021764891864
41 14 0.5193632230261844
41 15 0.5219735775928313
41 16 0.5243514830627397
41 17 0.526512153243717
41 18 0.5284683635870647
41 19 0.5302308944988281
41 20 0.531808869076382
41 21 0.5332100136181355
41 22 0.5344408605327438
41 23 0.5355069074858448
41 24 0.5364127426909666
41 25 0.5371621435227152
41 26 0.5377581536961824
41 27 0.5382031428553298
41 28 0.5384988513736803
41 29 0.5386464223777557
41 30 0.5386464223777557
41 31 0.53849885137368
41 32 0.5382031428553298
41 33 0.5377581536961824
41 34 0.5371621435227154
41 35 0.5364127426909663
41 36 0.5355069074858448
41 37 0.5344408605327438
41 38 0.5332100136181355
41 39 0.5318088690763821
41 40 0.5302308944988277
41 41 0.5284683635870647
41 42 0.5265121532437173
41 43 0.5243514830627397
41 44 0.5219735775928314
41 45 0.5193632230261841
41 46 0.5165021764891862
41 47 0.5133683646982444
41 48 0.5099347736213931
41 49 0.5061678710497388
42 0 0.40094404094816405
42 1 0.43893097856897617
42 2 0.45361883821916227
42 3 0.4643945770968284
42 4 0.47311078123898703
42 5 0.4804874921143516
42 6 0.48689499103748446
42 7 0.4925536838434337
42 8 0.49760735366617614
42 9 0.5021559059771701
42 10 0.5062720300210003
42 11 0.5100104950618137
42 12 0.5134137094493229
42 13 0.5165152298058764
42 14 0.5193420746400395
42 15 0.5219163050502155
42 16 0.5242561371889691
42 17 0.5263767449430351
42 18 0.5282908514073724
42 19 0.5300091725256112
42 20 0.5315407548036053
42 21 0.5328932354928673
42 22 0.5340730448953512
42 23 0.5350855646346703
42 24 0.5359352517927916
42 25 0.5366257360694088
42 26 0.5371598951738148
42 27 0.5375399122436713
42 28 0.5377673180291812
42 29 0.5378430197684613
42 30 0.5377673180291814
42 31 0.537539912243671
42 32 0.5371598951738148
42 33 0.5366257360694088
42 34 0.5359352517927916
42 35 0.5350855646346703
42 36 0.5340730448953512
42 37 0.5328932354928674
42 38 0.5315407548036053
42 39 0.5300091725256112
42 40 0.5282908514073724
42 41 0.5263767449430352
42 42 0.5242561371889691
42 43 0.5219163050502159
42 44 0.5193420746400395
42 45 0.5165152298058764
42 46 0.5134137094493229
42 47 0.5100104950618138
42 48 0.5062720300210003
42 49 0.5021559059771704
43 0 0.4010549063324018
43 1 0.4390960987594892
43 2 0.4537872118148114
43 3 0.4645567392637144
43 4 0.47326127598825507
43 5 0.48062241512957415
43 6 0.48701122361784044
43 7 0.49264856096069864
43 8 0.49767849176388346
43 9 0.5022011023621247
43 10 0.5062891986927958
43 11 0.5099976228030091
43 12 0.5133688239177633
43 13 0.5164363750614509
43 14 0.5192272914087775
43 15 0.5217636140405917
43 16 0.5240635243512946
43 17 0.5261421479034986
43 18 0.5280121465149463
43 19 0.5296841620764877
43 20 0.5311671540837857
43 21 0.53246865932192
43 22 0.5335949933728377
43 23 0.5345514077907744
43 24 0.5353422128290051
43 25 0.5359708728446403
43 26 0.5364400795454412
43 27 0.5367518068100043
43 28 0.5369073497363888
43 29 0.5369073497363887
43 30 0.5367518068100043
43 31 0.5364400795454412
43 32 0.5359708728446404
43 33 0.5353422128290051
43 34 0.5345514077907743
43 35 0.5335949933728377
43 36 0.53246865932192
43 37 0.5311671540837857
43 38 0.5296841620764879
43 39 0.5280121465149463
43 40 0.5261421479034984
43 41 0.5240635243512946
43 42 0.5217636140405919
43 43 0.5192272914087775
43 44 0.5164363750614508
43 45 0.5133688239177633
43 46 0.509997622803009
43 47 0.506289198692796
43 48 0.502201102362125
43 49 0.49767849176388373
44 0 0.40109962845247216
44 1 0.4391903348248345
44 2 0.4538824088833189
44 3 0.46464379693477253
44 4 0.47333490507169784
44 5 0.48067880051703843
44 6 0.487047294855629
44 7 0.49266167574467773
44 8 0.49766627143389147
44 9 0.5021613355268537
44 10 0.5062197795207738
44 11 0.509896508570234
44 12 0.5132340039384574
44 13 0.5162658466411092
44 14 0.519019040238764
44 15 0.521515597415861
44 16 0.5237736561396552
44 17 0.5258082845170906
44 18 0.527632073328627
44 19 0.5292555798547607
44 20 0.5306876650459003
44 21 0.5319357525097169
44 22 0.533006028996763
44 23 0.5339036002210725
44 24 0.5346326118735611
44 25 0.5351963429125117
44 26 0.5355972762344536
44 27 0.5358371503749956
44 28 0.5359169947872126
44 29 0.5358371503749958
44 30 0.5355972762344535
44 31 0.5351963429125117
44 32 0.5346326118735611
44 33 0.5339036002210726
44 34 0.533006028996763
44 35 0.5319357525097168
44 36 0.5306876650459003
44 37 0.5292555798547607
44 38 0.527632073328627
44 39 0.5258082845170907
44 40 0.5237736561396551
44 41 0.5215155974158607
44 42 0.5190190402387639
44 43 0.5162658466411092
44 44 0.5132340039384575
44 45 0.509896508570234
44 46 0.5062197795207739
44 47 0.5021613355268537
44 48 0.49766627143389147
44 49 0.4926616757446778
45 0 0.40107873029063945
45 1 0.43921423785029123
45 2 0.45390497152731635
45 3 0.46465627483960337
45 4 0.4733321701064817
45 5 0.48065712195186105
45 6 0.48700364600286994
45 7 0.4925934326325139
45 8 0.4975710558458105
45 9 0.5020369227564301
45 10 0.5060640390418629
45 11 0.5097073629688414
45 12 0.513009398610953
45 13 0.5160037261005042
45 14 0.5187173285613931
45 15 0.5211721812739523
45 16 0.5233863693829937
45 17 0.5253748935706128
45 18 0.5271502628538051
45 19 0.528722938229462
45 20 0.5301016692766433
45 21 0.5312937522166772
45 22 0.5323052291137265
45 23 0.5331410420338576
45 24 0.533805151982683
45 25 0.5343006296484103
45 26 0.534629722974043
45 27 0.5347939051023372
45 28 0.5347939051023374
45 29 0.5346297229740429
45 30 0.5343006296484099
45 31 0.533805151982683
45 32 0.5331410420338574
45 33 0.5323052291137264
45 34 0.5312937522166771
45 35 0.5301016692766433
45 36 0.528722938229462
45 37 0.5271502628538051
45 38 0.525374893570613
45 39 0.5233863693829937
45 40 0.5211721812739522
45 41 0.5187173285613931
45 42 0.516003726100504
45 43 0.513009398610953
45 44 0.5097073629688414
45 45 0.5060640390418631
45 46 0.5020369227564302
45 47 0.4975710558458106
45 48 0.4925934326325138
45 49 0.4870036460028699
46 0 0.40099264900908826
46 1 0.4391682645961317
46 2 0.4538553429411839
46 3 0.46459459467865094
46 4 0.47325346568086424
46 5 0.4805577420555234
46 6 0.4868806031194558
46 7 0.4924441165502511
46 8 0.49739308410086025
46 9 0.5018280524166516
46 10 0.5058221096729085
46 11 0.5094302568734418
46 12 0.5126950112179551
46 13 0.5156499425436768
46 14 0.5183220040901109
46 15 0.5207331240020969
46 16 0.5229013243709586
46 17 0.5248415275199917
46 18 0.5265661488617912
46 19 0.5280855401459503
46 20 0.5294083252564269
46 21 0.5305416570757049
46 22 0.5314914150893988
46 23 0.5322623575180713
46 24 0.5328582377432832
46 25 0.5332818919781623
46 26 0.5335353031023449
46 27 0.5336196440675072
46 28 0.5335353031023449
46 29 0.5332818919781623
46 30 0.5328582377432832
46 31 0.5322623575180713
46 32 0.5314914150893988
46 33 0.5305416570757051
46 34 0.5294083252564269
46 35 0.5280855401459505
46 36 0.5265661488617912
46 37 0.524841527519992
46 38 0.5229013243709588
46 39 0.5207331240020969
46 40 0.518322004090111
46 41 0.5156499425436768
46 42 0.5126950112179551
46 43 0.5094302568734417
46 44 0.5058221096729084
46 45 0.5018280524166517
46 46 0.49739308410086025
46 47 0.49244411655025105
46 48 0.48688060311945597
46 49 0.4805577420555235
47 0 0.40084173868720957
47 1 0.4390527803651211
47 2 0.45373387021645906
47 3 0.46445907781585016
47 4 0.4730990818949311
47 5 0.48038091474808253
47 6 0.4866783791995929
47 7 0.4922138947739122
47 8 0.49713247278436135
47 9 0.5015347851499626
47 10 0.5054939904961037
47 11 0.5090651217417158
47 12 0.5122906989977004
47 13 0.5152042717737642
47 14 0.5178327532567524
47 15 0.5201980138911256
47 16 0.5223180015205099
47 17 0.5242075480618312
47 18 0.5258789621926765
47 19 0.5273424719544628
47 20 0.5286065594689351
47 21 0.52967821629003
47 22 0.5305631390425931
47 23 0.5312658790877731
47 24 0.5317899559096809
47 25 0.5321379410725268
47 26 0.5323115175326012
47 27 0.5323115175326011
47 28 0.5321379410725268
47 29 0.5317899559096808
47 30 0.5312658790877733
47 31 0.530563139042593
47 32 0.5296782162900299
47 33 0.5286065594689351
47 34 0.5273424719544628
47 35 0.5258789621926765
47 36 0.5242075480618312
47 37 0.5223180015205098
47 38 0.5201980138911255
47 39 0.5178327532567524
47 40 0.5152042717737642
47 41 0.5122906989977003
47 42 0.509065121741716
47 43 0.5054939904961037
47 44 0.5015347851499626
47 45 0.49713247278436135
47 46 0.4922138947739122
47 47 0.4866783791995929
47 48 0.4803809147480825
47 49 0.47309908189493133
48 0 0.4006262725091756
48 1 0.438868061259037
48 2 0.4535408065005053
48 3 0.46424994729058666
48 4 0.4728692061859424
48 5 0.48012678684822263
48 6 0.48639707550626776
48 7 0.4919028179548214
48 8 0.49678921663378056
48 9 0.5011570541322651
48 10 0.5050795470434701
48 11 0.5086117488568216
48 12 0.5117961717641721
48 13 0.5146663341984542
48 14 0.5172490982947271
48 15 0.5195662652709043
48 16 0.5216356964164343
48 17 0.5234721199055775
48 18 0.5250877230537547
48 19 0.5264925939903417
48 20 0.5276950549706962
48 21 0.5287019158403454
48 22 0.5295186672644274
48 23 0.5301496273954868
48 24 0.5305980515769844
48 25 0.5308662117988441
48 26 0.5309554505124188
48 27 0.5308662117988441
48 28 0.5305980515769845
48 29 0.5301496273954867
48 30 0.5295186672644274
48 31 0.5287019158403452
48 32 0.5276950549706962
48 33 0.5264925939903415
48 34 0.5250877230537547
48 35 0.5234721199055776
48 36 0.5216356964164339
48 37 0.5195662652709043
48 38 0.5172490982947271
48 39 0.5146663341984542
48 40 0.5117961717641719
48 41 0.5086117488568216
48 42 0.5050795470434701
48 43 0.5011570541322652
48 44 0.4967892166337805
48 45 0.49190281795482127
48 46 0.4863970755062677
48 47 0.48012678684822263
48 48 0.4728692061859424
48 49 0.4642499472905867
49 0 0.4003464444337521
49 1 0.43861429585739753
49 2 0.45327631254052375
49 3 0.46396732917919464
49 4 0.47256392446598977
49 5 0.479795398945657
49 6 0.4860366821343105
49 7 0.4915108203249605
49 8 0.4963631883323467
49 9 0.5006946643937059
49 10 0.5045785100751426
49 11 0.5080697874831672
49 12 0.5112109893479325
49 13 0.5140355914485288
49 14 0.5165703929099736
49 15 0.5188371130867337
49 16 0.5208535131199761
49 17 0.5226342026092278
49 18 0.5241912311381163
49 19 0.5255345286833426
49 20 0.5266722371396273
49 21 0.5276109614473777
49 22 0.528355959877434
49 23 0.5289112870540851
49 24 0.5292798991843886
49 25 0.5294637280355152
49 26 0.5294637280355152
49 27 0.5292798991843884
49 28 0.5289112870540851
49 29 0.5283559598774339
49 30 0.5276109614473778
49 31 0.5266722371396273
49 32 0.5255345286833424
49 33 0.5241912311381164
49 34 0.522634202609228
49 35 0.5208535131199759
49 36 0.5188371130867337
49 37 0.5165703929099734
49 38 0.5140355914485288
49 39 0.5112109893479325
49 40 0.508069787483167
49 41 0.5045785100751426
49 42 0.5006946643937062
49 43 0.4963631883323468
49 44 0.4915108203249605
49 45 0.48603668213431045
49 46 0.4797953989456569
49 47 0.4725639244659898
49 48 0.4639673291791948
49 49 0.4532763125405238
