5.509635081875409
4.9890540772844725
4.69900352306578
4.517160183462765
4.393030477095529
4.303051545371213
4.2348876136995095
4.181485334936599
4.138528507477863
4.103230854568934
4.073714565836592
4.048668491280555
4.027149647468108
4.0084626021193
3.9920833151640154
3.977609443164878
3.964726974780211
3.9531872654373514
3.942790878722007
3.9333759928336285
3.9248099358263047
3.9169829073526095
3.9098032554415085
3.9031938769297985
3.8970894416713535
3.89143422872399
3.88618042272616
3.8812867602180083
3.8767174448392643
3.872441271106877
3.8684309114460387
3.8646623320640305
3.8611143113018143
3.857768040087821
3.8546067886198245
3.8516156268136332
3.848781188666361
3.846091472692448
3.8435356721509097
3.8411040300018713
3.8387877144900093
3.8365787120122703
3.834469734532121
3.8324541392872087
3.8305258589275475
3.8286793405369797
3.8269094922475793
3.8252116363665016
3.823581468106943
3.822015019156839
3.8205086254364424
3.819058898493447
3.817662700065738
3.816317119410036
3.81501945305173
3.8137671866596183
3.8125579787898576
3.8113896462780525
3.8102601510877965
3.8091675884489997
3.8081101761408576
3.8070862447925875
3.8060942290909594
3.8051326597972515
3.8042001564879557
3.8032954209439307
3.802417231121262
3.8015644356451554
3.8007359487745367
3.799930745791165
3.799147858772036
3.798386372708434
3.7976454219389257
3.7969241868670465
3.7962218909374963
3.7955377978475
3.794871208972113
3.7942214609847014
3.793587923655504
3.792969997812882
3.7923671134534507
3.7917787279885538
3.7912043246157188
3.7906434108048503
3.7900955168898114
3.789560194756951
3.7890370166228835
3.788525573894512
3.7880254761048784
3.787536349919076
3.7870578382048645
3.786589599163107
3.7861313055136887
3.7856826437326387
3.7852433133369803
3.7848130262136275
3.7843915059893787
3.7839784874389677
