0.3755491803560811
0.29351878484401855
0.24872433410877512
0.22100205938019205
0.20224672312286587
0.18873995116692313
0.17855871253057526
0.17061359243179103
0.16424278021132627
0.15902156438190038
0.15466510383458273
0.15097532770298208
0.14781028095715226
0.14506559080316733
0.14266281499943329
0.14054186765237323
0.13865595103180228
0.13696807740113834
0.13544862823282292
0.13407360716144742
0.13282336717060694
0.13168166840824572
0.13063497063801782
0.1296718949025222
0.12878280901537503
0.12795950489110372
0.12719494482782046
0.1264830601488398
0.12581859002018994
0.12519695139557335
0.12461413329613362
0.12406661027479295
0.12355127112378587
0.12306535978283441
0.12260642608007528
0.12217228444878502
0.1217609791531367
0.12137075485655137
0.12100003159909319
0.12064738343221758
0.12031152010213832
0.1199912712861665
0.11968557297636474
0.11939345567688121
0.11911403413927692
0.11884649840702831
0.11859010597847887
0.1183441749286175
0.11810807785557458
0.11788123653874004
0.11766311721279217
0.11745322637635709
0.11725110706605087
0.11705633553671928
0.11686851829713764
0.11668728945754987
0.11651230835143574
0.11634325739899347
0.11617984018415504
0.11602177972064572
0.1158688168857573
0.11572070900321042
0.11557722855880909
0.11543816203459406
0.11530330884893389
0.11517248039149112
0.11504549914330181
0.11492219787333806
0.11480241890390859
0.1146860134381138
0.11457284094332472
0.11446276858531612
0.11435567070826415
0.11425142835632945
0.11414992883299716
0.11405106529474258
0.11395473637594322
0.1138608458422694
0.11376930227006272
0.113680018749457
0.11359291260921572
0.11350790516145513
0.11342492146459622
0.113343890103045
0.11326474298223983
0.11318741513782972
0.1131118445578599
0.11303797201694198
0.11296574092147654
0.11289509716507877
0.11282598899343023
0.1127583668778483
0.11269218339692359
0.11262739312563137
0.11256395253137205
0.11250181987644081
0.11244095512646725
0.11238131986440301
