0.03292536136711288
0.05320524830728457
0.06444069561814847
0.07147442282905736
0.076272381124041
0.07974864867481368
0.08238112471811099
0.08444286937740442
0.08610089927496045
0.08746299072852548
0.0886017572341109
0.08956788630874335
0.09039782378345429
0.09111844187380291
0.09174998596638728
0.09230799704318604
0.09280460209324626
0.09324940215533961
0.093650097042567
0.09401293349807616
0.09434303235462471
0.09464463115100985
0.09492126663053835
0.09517591380485002
0.09541109317900376
0.09562895432681007
0.09583134168433993
0.09601984682314213
0.09619585033628819
0.0963605556675905
0.09651501663535023
0.09666015998024369
0.0967968039558944
0.09692567374923533
0.09704741434383879
0.09716260130749688
0.09727174988454546
0.09737532269575688
0.09747373628835265
0.09756736673159838
0.09765655441633236
0.0977416081875142
0.09782280891543316
0.09790041259259286
0.09797465302812991
0.09804574419952083
0.09811388231135965
0.09817924760289953
0.09824200593941279
0.09830231021695623
0.09836030160555054
0.09841611065207001
0.09846985826096555
0.09852165656829903
0.0985716097224385
0.09861981458277247
0.09866636134636964
0.09871133411107946
0.09875481138246733
0.09879686653103303
0.09883756820527623
0.09887698070554096
0.0989151643228885
0.09895217564677594
0.09898806784480763
0.0990228909175318
0.09905669193077093
0.0990895152278154
0.09912140262346458
0.09915239358170402
0.0991825253786105
0.09921183325190475
0.0992403505383821
0.09926810880039216
0.09929513794234934
0.09932146631816874
0.09934712083047503
0.09937212702227805
0.09939650916178722
0.09942029032095645
0.09944349244829609
0.09946613643642865
0.099488242184824
0.09950982865811675
0.09953091394036773
0.09955151528558215
0.09957164916479222
0.09959133130997144
0.09961057675502394
0.09962939987408215
0.09964781441729798
0.09966583354434932
0.09968346985578092
0.09970073542241131
0.09971764181285381
0.09973420011938572
0.09975042098219689
0.09976631461220653
