0.36913238553944555
0.34311157097969824
0.3283472363727186
0.31895794439030667
0.3124821514875524
0.3077518453082712
0.30414720940970486
0.3013100210933669
0.2990191725976719
0.29713092067076013
0.295547820412977
0.2942014954908836
0.2930425613478867
0.2920344647052912
0.29114957317235585
0.29036661184602275
0.2896689352975904
0.2890433338566886
0.28847919098873503
0.2879678769703968
0.2875023050329195
0.2870766013709594
0.2866858563448989
0.2863259344937838
0.2859933277588968
0.285685040873389
0.28539850098534325
0.28513148574087466
0.2848820655738684
0.28464855703301434
0.28442948475988483
0.2842235503035638
0.28402960637965347
0.28384663549619127
0.28367373210606983
0.28351008762536606
0.28335497779473684
0.28320775196725495
0.28306782398863206
0.2829346644003532
0.2828077937471643
0.2826867768106048
0.2825712176225174
0.28246075513813823
0.282355059469198
0.2822538285942609
0.282156785477237
0.28206367553616757
0.28197426441359497
0.2818883360074257
0.2818056907274673
0.28172614394800205
0.28164952463118115
0.28157567409963336
0.2815044449397463
0.2814357000196813
0.28136931160836054
0.2813051605835027
0.28124313571840265
0.2811831330384487
0.28112505523957976
0.2810688111617923
0.28101431531175713
0.2809614874292497
0.28091025209280107
0.28086053836047137
0.280812279442151
0.280765412400224
0.2807198778757553
0.2806756198377035
0.280632585352929
0.28059072437502086
0.2805499895501674
0.28051033603846837
0.2804717213493029
0.2804341051894772
0.2803974493229741
0.28036171744133265
0.28032687504369347
0.2802928893256968
0.28025972907647406
0.2802273645830498
0.28019576754155984
0.280164910974684
0.2801347691548454
0.2801053175326625
0.2800765326702764
0.2800483921791398
0.2800208746619521
0.27999395965839735
0.27996762759441696
0.2799418597347345
0.2799166381384045
0.2798919456171593
0.27986776569634186
0.27984408257826254
0.27982088110777126
0.27979814673992304
