0.0,0.0,0.05398504382191931,0.8245999934991535,0.919136989713804
0.03162277660168379,0.0009999999999999998,0.0539705797375598,0.8144240344500704,0.9174458549295157
0.044721359549995794,0.002,0.05337584788952144,0.810880824007512,0.9166498809403644
0.05477225575051661,0.003,0.0535727293025792,0.8067278573441041,0.9146197799864092
0.06324555320336758,0.003999999999999999,0.05336342424356533,0.8047644735610093,0.9132175418326326
0.07071067811865475,0.005,0.05328603086278911,0.8016567333527912,0.9116139494405817
0.07745966692414834,0.006,0.05264234908368962,0.8010174813311854,0.9108964341562903
0.08366600265340755,0.007,0.05251598103374017,0.7983876021306799,0.9093348061731465
0.08944271909999159,0.008,0.05259150910398277,0.7968388756764208,0.9074989412059664
0.09486832980505137,0.009,0.052247833959129485,0.795641829458761,0.9063037170163787
0.1,0.010000000000000002,0.05193485515413319,0.7927870515760428,0.9050750161594655
0.10488088481701516,0.011000000000000001,0.05190061717771556,0.7912917519968243,0.9033842079246146
0.10954451150103323,0.012,0.05170930996054556,0.7904379031073843,0.9019388381349032
0.11401754250991379,0.012999999999999998,0.05121105317285473,0.7884204865070156,0.9010171253940947
0.11832159566199232,0.014,0.05097349603679712,0.7882420532168364,0.8996566684165739
0.1224744871391589,0.015,0.0513107639181177,0.7856421909483148,0.8973533792031456
0.12649110640673517,0.015999999999999997,0.050922659929548586,0.7839174499154126,0.8962452623824745
0.130384048104053,0.017000000000000005,0.05010714729341893,0.785622010539663,0.895819946900538
0.1341640786499874,0.018000000000000002,0.049832550537110436,0.7838622993158533,0.8945238616615984
0.13784048752090222,0.019,0.05018307303714162,0.7818137730045785,0.8921717387248558
0.1414213562373095,0.02,0.04982530772361711,0.7813163528733738,0.8910408303318219
0.14491376746189438,0.020999999999999998,0.0495801651941381,0.7793687978661222,0.8897058232119158
0.14832396974191325,0.022,0.04957308950522819,0.7801221715310379,0.8879506127624829
0.15165750888103102,0.023000000000000003,0.049148327875467794,0.7777883503387797,0.8868718233773474
0.15491933384829668,0.024,0.04879450946609407,0.7755484607613305,0.8857153005840166
0.15811388300841897,0.025,0.048937736044861437,0.7745813904161749,0.8837123056136234
0.161245154965971,0.026000000000000002,0.048651375759762014,0.7734847648236475,0.8824195590837142
0.16431676725154984,0.027000000000000003,0.04786696180744524,0.7751699869142508,0.8820034184800479
0.1673320053068151,0.028,0.048298637419497914,0.7730811753861611,0.8795042137249529
0.17029386365926402,0.029000000000000005,0.04778464297502947,0.7724648874223965,0.87861346094483
0.17320508075688773,0.03,0.047798403124118156,0.7709947400657815,0.8768162460819907
0.17606816861659008,0.030999999999999996,0.04725781452524312,0.7714590223902762,0.8759323669016691
0.17888543819998318,0.032,0.046800255033649873,0.7706626470007684,0.8749961257918292
0.1816590212458495,0.033,0.046825684916638126,0.769863505097384,0.8731642386705285
0.18439088914585774,0.034,0.047020159143070846,0.7679799087706655,0.8710330348233805
0.18708286933869708,0.035,0.045839404648910294,0.7698303200785909,0.8713391551870838
0.18973665961010275,0.036,0.046175079666390846,0.7677120512307277,0.86896707492932
0.19235384061671346,0.037000000000000005,0.04586387084649539,0.7674797015893519,0.8677567108499439
0.19493588689617927,0.038,0.04564018934472874,0.7653158088641978,0.8663664932382713
0.19748417658131498,0.03899999999999999,0.04602519014983417,0.7635484231785479,0.8638776459016544
0.2,0.04000000000000001,0.045657965882669,0.7632885744628987,0.8627291904541334
0.2024845673131659,0.04100000000000001,0.04530914797675637,0.7620437953177528,0.8615783166322389
0.20493901531919198,0.042,0.04491322983748544,0.762234501278163,0.8604854906824921
0.2073644135332772,0.043,0.04444998514325572,0.7619111411553057,0.8595588793897972
0.20976176963403032,0.044000000000000004,0.045343305834277356,0.7585368433915314,0.8561090576219144
0.21213203435596426,0.045,0.044336390398275596,0.7602290176242266,0.8561283766277862
0.21447610589527216,0.046,0.04430241575078825,0.7600206754360791,0.8544203156464395
0.216794833886788,0.047,0.044249149191531285,0.7562859008375786,0.8527244674820942
0.21908902300206645,0.048,0.04355431113150109,0.7581057613638206,0.8521886325555135
0.22135943621178655,0.049,0.043505787783796546,0.7576884273679698,0.8505012920941797
0.22360679774997896,0.049999999999999996,0.0434913932131927,0.7553907251499039,0.8487261590817501
0.22583179581272428,0.05099999999999999,0.0432840876252627,0.7555887345207684,0.8472815775865076
0.22803508501982758,0.05199999999999999,0.04287418486050017,0.755692266725392,0.846258797858322
0.23021728866442676,0.053,0.04253669247479413,0.7545675562831887,0.8450603800329262
0.232379000772445,0.05399999999999999,0.04256903123769588,0.7544150267318338,0.8431855679607586
0.2345207879911715,0.05500000000000001,0.0423892714044774,0.7528650228290596,0.8417315633612097
0.23664319132398465,0.056,0.04204268198172756,0.7535007581399518,0.8405749812963815
0.23874672772626646,0.05700000000000001,0.04155280427829226,0.7528431785037841,0.8396561641518058
0.24083189157584592,0.058,0.042049622992805374,0.7511215946765587,0.8369322031733977
0.24289915602982237,0.059,0.04154099824953415,0.7505912168746317,0.8360217074719599
0.2449489742783178,0.06,0.04104148910097743,0.7526931734550433,0.8351799989342426
0.2469817807045694,0.061000000000000006,0.04109616423091523,0.7495872713271843,0.8332236960278607
0.24899799195977465,0.062,0.04085591520586601,0.7492353258725051,0.8318902295208883
0.25099800796022265,0.06299999999999999,0.040607269051401815,0.7499371881699746,0.8305437634880609
0.25298221281347033,0.06399999999999999,0.040421816727070216,0.7483936091305418,0.8290881007907724
0.25495097567963926,0.065,0.0404061508941602,0.7484332813076885,0.8272631971133744
0.2569046515733026,0.06600000000000002,0.03998278407267285,0.7477162427793798,0.8263082392484399
0.2588435821108957,0.067,0.040050039036380485,0.7457507378289716,0.8243146695064568
0.260768096208106,0.06800000000000002,0.0395972696886219,0.7473584130168734,0.8233828202401974
0.26267851073127396,0.069,0.03969947965610539,0.7448627328960933,0.8213551599337756
0.2645751311064591,0.07,0.039310501772698535,0.7450440618178348,0.8202485841161837
0.2664582518894845,0.07099999999999998,0.03932297461696398,0.7440838405989579,0.8183996816798804
0.2683281572999748,0.07200000000000001,0.03858836366681362,0.7469135251117183,0.818036144811647
0.2701851217221259,0.07299999999999998,0.03829924373290869,0.7463628933306121,0.8167848148758511
0.2720294101747089,0.07400000000000001,0.038794275474931084,0.7418495848264652,0.8139275153206983
0.27386127875258304,0.07499999999999998,0.038310781097134254,0.7430572332601817,0.8130608841223624
0.27568097504180444,0.076,0.03815548824141678,0.7427136647383958,0.8115081518596707
0.27748873851023215,0.077,0.03758999227596879,0.7442186965890206,0.8108388596994965
0.2792848008753788,0.078,0.037703748698263706,0.7420837626322638,0.8087449428166735
0.2810693864511039,0.07899999999999999,0.037347163284987,0.7408629304068842,0.8076212170870815
0.282842712474619,0.08,0.037390339642971206,0.7402277519855766,0.8056920323881032
0.28460498941515416,0.08100000000000002,0.037270000152324255,0.7391246843759901,0.8040910207350542
0.2863564212655271,0.082,0.037079050066679935,0.7389856788704353,0.8026049188363888
0.28809720581775866,0.08299999999999999,0.036799472444543166,0.7390571413625093,0.8013176805428625
0.28982753492378877,0.08399999999999999,0.03654032635540489,0.7380882268845183,0.7999899159354179
0.29154759474226505,0.08500000000000002,0.03642379418402897,0.7401485279484478,0.7983779240149612
0.29325756597230357,0.08599999999999998,0.03622170557351436,0.7373756532119006,0.7969678910063562
0.2949576240750525,0.08699999999999998,0.03620292833732742,0.7363301856870169,0.7951065845859036
0.2966479394838265,0.088,0.035558319714024095,0.736917933567122,0.7946118981962194
0.29832867780352595,0.089,0.03585970412107989,0.73646286618552,0.7920976513831647
0.3,0.09,0.03550952743626367,0.7362607277492227,0.7909804664867793
0.30166206257996714,0.09100000000000001,0.03530443133309947,0.737072040773675,0.7895511782906669
0.30331501776206204,0.09200000000000001,0.035065975833023066,0.7355641991145855,0.7881669787090674
0.30495901363953815,0.09300000000000001,0.03469474207571916,0.7362171287974393,0.7870886484965799
0.3065941943351178,0.09399999999999999,0.035032493250523725,0.7335535772346061,0.7844789095974883
0.3082207001484488,0.095,0.034362744419439595,0.7348313274246101,0.7840511372883064
0.30983866769659335,0.096,0.034267006627298556,0.733724686377492,0.7824276170681922
0.31144823004794875,0.097,0.03435599970767639,0.732449439856638,0.7802976804649768
0.31304951684997057,0.098,0.034316431225709106,0.732699947688821,0.7784983830436474
0.31464265445104544,0.09899999999999999,0.03437257917085038,0.7300880220192922,0.776490039973011
0.31622776601683794,0.1,0.03386014859217907,0.7320823839459645,0.7757444728099112
0.3178049716414141,0.101,0.032995886917778404,0.7339732712716678,0.775797850930171
0.31937438845342625,0.10200000000000001,0.033484052000223655,0.7307655808620825,0.7727737615043059
0.3209361307176242,0.10299999999999998,0.03306112127991884,0.7311074187183455,0.7718389803238136
0.322490309931942,0.10400000000000001,0.03298081764408297,0.7303860413025314,0.7701121319416361
0.324037034920393,0.10499999999999998,0.03285533743846391,0.728697229464204,0.7684626445827437
0.3255764119219941,0.10599999999999998,0.03315493595897886,0.7274811308831799,0.7658585423886567
0.32710854467592254,0.10700000000000001,0.032399112829785436,0.7297135879665648,0.765709489187056
0.3286335345030997,0.10800000000000001,0.03206519600672928,0.7305133049379104,0.7646112535095129
0.3301514803843836,0.10900000000000001,0.03245571110488683,0.726886364713279,0.761791935004732
0.33166247903553997,0.10999999999999999,0.03202471840944407,0.7286287445762828,0.7608111768229425
0.3331666249791536,0.11099999999999999,0.03168291172830936,0.7287342424014952,0.7597341489403764
0.3346640106136302,0.112,0.03155227106724788,0.7261396512699412,0.75813705916653
0.3361547262794322,0.11299999999999999,0.03137847477430664,0.7278238908130251,0.756635181782908
0.33763886032268264,0.114,0.03143740561565093,0.727712063435616,0.7545247388518118
0.3391164991562634,0.115,0.031244754504143272,0.7264142935415314,0.7531009713675773
0.34058772731852804,0.11600000000000002,0.030785689881419668,0.725145957427407,0.7522606678500371
0.3420526275297414,0.11700000000000002,0.03088553551817986,0.7237714058215573,0.7501151883641997
0.34351128074635334,0.11799999999999998,0.030796246835816544,0.7248449855340512,0.7483939743096799
0.3449637662132068,0.119,0.03046057069227154,0.7240606305973927,0.7472474156642153
0.34641016151377546,0.12,0.030608117911857136,0.7217642238635572,0.7449219281654064
0.3478505426185217,0.121,0.030538510840086616,0.7213587745996979,0.7431734036022646
0.3492849839314596,0.12200000000000001,0.03018584779709433,0.7228857110494213,0.7421035423961017
0.3507135583350036,0.12299999999999998,0.02965824888045927,0.7260195629624584,0.7414528417175403
0.35213633723318016,0.12399999999999999,0.02956984887093166,0.7237152276033749,0.7397631851056945
0.3535533905932738,0.12500000000000003,0.02981969015176915,0.7207407839151818,0.7371585080475808
0.35496478698597694,0.12599999999999997,0.029461816512895294,0.7215058902475084,0.7360841479566853
0.3563705936241092,0.127,0.029357109791811765,0.7234166383327921,0.7344261657071677
0.35777087639996635,0.128,0.029011646652965902,0.7219236203026225,0.7333491142860189
0.35916569992135944,0.129,0.029010135011994505,0.7203391203959044,0.7313784331751313
0.36055512754639896,0.13000000000000003,0.02875033985620876,0.7216434423446234,0.7300582197804064
0.3619392214170772,0.13100000000000003,0.0285088617808414,0.7204485675335751,0.7287348953122247
0.363318042491699,0.132,0.02804085871136854,0.7220748996124212,0.7279900321932191
0.3646916505762094,0.133,0.0282133531862095,0.7205930225200069,0.7255611607909089
0.36606010435446257,0.13400000000000004,0.028042108865718274,0.7180471995609825,0.7240654826402232
0.3674234614174767,0.135,0.02792181618186977,0.7173647613098814,0.7223740929961721
0.3687817782917155,0.136,0.02769036698924389,0.7187671138215048,0.721012414736661
0.37013511046643494,0.13699999999999998,0.027734617823060876,0.7171480467816684,0.7189525988420331
0.3714835124201342,0.138,0.027287968188667387,0.7180890440527407,0.7181381168001492
0.372827037646145,0.139,0.027346844092360215,0.7170979939690578,0.7160077054368383
0.37416573867739417,0.14,0.027189594848150696,0.7167595288873494,0.7144555981461612
0.37549966711037175,0.141,0.026754770884134277,0.7188337837899338,0.7135793470649245
0.37682887362833545,0.14200000000000002,0.026595383467125647,0.7180856304333427,0.7120571804942684
0.3781534080237807,0.143,0.02665168888494225,0.7180765569077452,0.7098792941172473
0.3794733192202055,0.144,0.026294485434626553,0.7170045980015205,0.7088915485713665
0.3807886552931954,0.145,0.02628643271425453,0.7155526220177101,0.7069148997012099
0.382099463490856,0.146,0.026086914481561207,0.7161374820052758,0.7054479029036698
0.38340579025361626,0.147,0.026242495978387344,0.7151382084263983,0.7030247356107454
0.3847076812334269,0.14800000000000002,0.02554624970097564,0.7176177264640042,0.7029764114596774
0.38600518131237566,0.149,0.02566682107490749,0.7145514684268818,0.7006468686692083
0.3872983346207417,0.15000000000000002,0.02568050748897017,0.7154335154242276,0.6986394777597683
0.38858718455450897,0.15100000000000002,0.025362794204117647,0.713857947235045,0.6974900682559898
0.38987177379235854,0.152,0.025228346834545,0.71436727529861,0.6958810403960292
0.39115214431215894,0.15300000000000002,0.024784046325530718,0.7155085360337097,0.6951010947263073
0.3924283374069717,0.15400000000000003,0.024766799342758633,0.7139387990233865,0.6931414014690972
0.39370039370059057,0.15500000000000003,0.024965096420511264,0.7134029647419087,0.6905784420677205
0.39496835316262996,0.15599999999999997,0.02452875678011424,0.7140227352540773,0.6898038920677323
0.396232255123179,0.157,0.024618909064432908,0.7106861442472092,0.6875149046990935
0.39749213828703583,0.15800000000000003,0.024339668409550375,0.711846901016876,0.6863203614218334
0.3987480407475377,0.159,0.02406501786899186,0.711542912077525,0.6850553930744704
0.4,0.16000000000000003,0.02412912133331368,0.7103940192686249,0.682893686704612
0.4012480529547776,0.16100000000000003,0.023868391409828563,0.712971251726189,0.6816083517893623
0.40249223594996214,0.162,0.023719529375937784,0.7111092301693873,0.680004784601106
0.403732584763727,0.16299999999999998,0.023756665059912557,0.7092464768846324,0.6778726504922303
0.4049691346263318,0.16400000000000003,0.023454988612313467,0.7113700294823985,0.6767616680533297
0.406201920231798,0.165,0.023265745905292755,0.7115517632199683,0.6752546154759325
0.4074309757492673,0.16600000000000004,0.02314960712138857,0.7121549547542655,0.6735776886028194
0.408656334834051,0.167,0.02291562875411582,0.7111602085556278,0.6722665676491272
0.40987803063838396,0.168,0.022796377559671926,0.7101396701287321,0.6705784431209288
0.41109609582188933,0.169,0.022818976246693667,0.706615906584829,0.6684779835291069
0.41231056256176607,0.17,0.022594532676734065,0.7087818750532789,0.6670522551189907
0.41352146256270667,0.171,0.022571954025613777,0.7085935805001832,0.665074973425601
0.4147288270665544,0.172,0.022249687400486166,0.7097583012717167,0.6640526489301154
0.4159326868617084,0.173,0.022199207395100604,0.7073507498870065,0.6621341854578384
0.4171330722922842,0.174,0.02191713719572465,0.7088046900448259,0.6609084652984221
0.4183300132670378,0.17500000000000002,0.02166086335122524,0.7105546854948293,0.6596693835479589
0.41952353926806063,0.17600000000000002,0.021708336472088977,0.7079425468465984,0.6574737610634104
0.4207136793592526,0.177,0.021420498107130422,0.7073541275295147,0.656338427758252
0.4219004621945797,0.178,0.021507635333214516,0.7064766211752277,0.6540171277219371
0.4230839160261236,0.17900000000000002,0.021709938077017526,0.7036640928255194,0.6512642840333903
0.4242640687119285,0.18,0.02139751054237072,0.7034741457813823,0.6502238130962745
0.42544094772365293,0.181,0.021064351369860755,0.7068227503784157,0.6491690347546705
0.4266145801540308,0.18199999999999997,0.02108320236343579,0.7043859264774557,0.6470627657844146
0.42778499272414877,0.18300000000000002,0.02079077432459946,0.7055640599902253,0.6458907063093481
0.4289522117905443,0.184,0.02062068997356313,0.7064328128241332,0.6444062051222786
0.4301162633521313,0.185,0.02039696142502342,0.7077753256433797,0.6430195779858152
0.4312771730569565,0.18600000000000003,0.02032851347103806,0.706751427289299,0.641191554340231
0.43243496620879307,0.187,0.020212887047057492,0.7046192837310059,0.6394730130980228
0.433589667773576,0.188,0.02016523899701906,0.703180704252463,0.6375029327968635
0.43474130238568315,0.189,0.019976428224009562,0.7047909614283792,0.6360676777290961
0.43588989435406733,0.18999999999999997,0.019855052240574798,0.7040294749344933,0.63435146355417
0.43703546766824314,0.191,0.019799311730300646,0.703924188297608,0.6324900541100751
0.4381780460041329,0.192,0.01959970063681055,0.7023237106353594,0.6310574712995701
0.4393176527297759,0.19299999999999998,0.019477770052442913,0.702347703826109,0.6293473669792881
0.4404543109109048,0.194,0.01936558160849741,0.7015702410767072,0.6276724128608061
0.44158804331639234,0.195,0.01908838239446162,0.7023488262289468,0.6264852520353256
0.4427188724235731,0.196,0.01916450963827659,0.7029563607323414,0.6241090785911914
0.4438468204234429,0.19699999999999998,0.01890003884898128,0.7030566412956989,0.6228806342516822
0.4449719092257398,0.19800000000000004,0.01884048380505752,0.7025507952281428,0.6210127331352004
0.44609416046390926,0.19900000000000004,0.018718456117875593,0.7019457132461638,0.6192748063534665
0.4472135954999579,0.19999999999999998,0.018663054542699186,0.7019817506294489,0.6173898746455375
0.4483302354291979,0.20100000000000004,0.01862251021289419,0.7009957795908819,0.6153981286668746
0.44944410108488464,0.202,0.018376811583150743,0.7001455703890759,0.6141688510507407
0.4505552130427524,0.203,0.018211861924062843,0.7008822804337327,0.6126063285779427
0.45166359162544856,0.20399999999999996,0.018014355412042306,0.700711010583583,0.6111581201371594
0.4527692569068708,0.205,0.01805979002197169,0.6991786395919357,0.6089082323404931
0.4538722287164087,0.20600000000000002,0.01797884477376034,0.6978047041057069,0.6070333742305031
0.454972526643093,0.207,0.017672705855747935,0.6989760580812284,0.606047903008102
0.45607017003965516,0.20799999999999996,0.017781005601433728,0.6964495027821301,0.6034995228283291
0.4571651780264984,0.209,0.01745394539377211,0.6983236711280836,0.6025559937214751
0.458257569495584,0.21,0.017387324738885677,0.6981184770295957,0.6006292511648383
0.4593473631142341,0.21100000000000002,0.0171901284112548,0.6995508699479528,0.5992109871802842
0.4604345773288535,0.212,0.017096839310416508,0.699802113681032,0.5974445538636289
0.46151923036857306,0.21300000000000002,0.017033955720042238,0.6985311045003832,0.595478095205093
0.4626013402488151,0.214,0.01679046012745374,0.6978248618159835,0.5942736675813153
0.4636809247747852,0.215,0.016885061878645993,0.6962203215423659,0.5917482874345993
0.46475800154489,0.21599999999999997,0.016549723655575985,0.6990774798079,0.5908442689101807
0.4658325879540846,0.21699999999999997,0.01639169735040831,0.6985341040588654,0.5893301744593499
0.4669047011971501,0.21800000000000003,0.01639552083014701,0.69676583635195,0.5871137838136861
0.4679743582719036,0.21899999999999997,0.01623375958289807,0.6964621883975463,0.5856026838182462
0.469041575982343,0.22000000000000003,0.0159722873324154,0.7003330328927672,0.584411702505056
0.47010637094172636,0.22100000000000003,0.016093232252102185,0.6945333759611195,0.5818110944996577
0.47116875957558985,0.22199999999999998,0.01591912669368101,0.6948628557956146,0.5802953056989912
0.4722287581247038,0.22299999999999998,0.015734711298729224,0.6955179005555934,0.5788145465092575
0.4732863826479693,0.224,0.015550830153645934,0.6981102105738191,0.5773904660366349
0.4743416490252569,0.22499999999999998,0.015554238808803402,0.6956222649711759,0.575166699007876
0.4753945729601885,0.22599999999999998,0.015406028062354882,0.6962020601817188,0.5735826992446296
0.47644516998286385,0.22700000000000004,0.015358927286503348,0.6938228117404475,0.5716044001194049
0.4774934554525329,0.22800000000000004,0.015226731198234058,0.6961800234472886,0.5699617264587485
0.47853944456021597,0.229,0.015165674779656966,0.695452166600154,0.5679601610270492
0.47958315233127197,0.23,0.015073541993255299,0.6933619262928203,0.5661662487163954
0.48062459362791665,0.231,0.014927294779604637,0.6943882243136157,0.5645728355000295
0.48166378315169184,0.232,0.014762006347818107,0.693070641003715,0.563063995059769
0.4827007354458868,0.233,0.01470332036519388,0.6938252714613038,0.5611049845897648
0.48373546489791297,0.23399999999999999,0.014492657791615285,0.694285997101353,0.5597668523777204
0.4847679857416329,0.235,0.014414789901151569,0.693785340829704,0.5578838344555694
0.48579831205964474,0.236,0.014337743763211529,0.6926644216262091,0.5560065213324993
0.4868264577855234,0.23700000000000002,0.014085329085620405,0.6962173027317676,0.5548379927555198
0.4878524367060187,0.23799999999999996,0.014180675531857723,0.692491608145502,0.5522283935026029
0.48887626246321264,0.23899999999999996,0.014074596416235844,0.6906170991308033,0.5504503011003702
0.4898979485566356,0.24,0.013797227810994255,0.6957690980005854,0.5493994450643223
0.4909175083453431,0.241,0.013680191110485152,0.695026464732014,0.5477042209528689
0.4919349550499537,0.242,0.013767677341375446,0.6913972687266542,0.5451244483739957
0.4929503017546495,0.243,0.013582946362981943,0.6922781698185926,0.543647268930425
0.4939635614091388,0.24400000000000002,0.013547027366717427,0.6900270163843485,0.5415785019745984
0.4949747468305833,0.24500000000000002,0.0134214764306778,0.6904169776991713,0.5399274996045065
0.49598387070548977,0.246,0.013281192214965584,0.6914223512181368,0.5382801301818526
0.4969909455915671,0.247,0.01312689857181462,0.6911245688884828,0.5367248984507145
0.4979959839195493,0.248,0.013041677896595414,0.6909199507526513,0.5348828985539638
0.498998997994986,0.24900000000000003,0.012953902289206247,0.6914121826477856,0.5330354586844698
0.5,0.25,0.012900587317357035,0.6914270725505647,0.5310388281251566
0.5009990019950139,0.25099999999999995,0.012682332520807716,0.6924772935596392,0.5297097265707029
0.5019960159204453,0.25199999999999995,0.01261199427200831,0.6912869649241824,0.5278216406787974
0.5029910535983717,0.25300000000000006,0.012423174160065706,0.6931462898032249,0.5264046335580636
0.5039841267341661,0.25400000000000006,0.012303823004607263,0.6897810037332469,0.5247301319238385
0.5049752469181039,0.255,0.012240927826697596,0.6904926641435443,0.5227614568462181
0.5059644256269407,0.25599999999999995,0.01222964489985183,0.6889659525897273,0.5205376473970197
0.5069516742254631,0.257,0.012046512644007872,0.6913194672960311,0.5191737766935703
0.5079370039680118,0.258,0.011995238444134634,0.6889946885449054,0.5171187088135422
0.5089204259999789,0.259,0.01184555517798456,0.6902803159125687,0.5155646306738348
0.5099019513592785,0.26,0.011741476217872028,0.6903638683350021,0.5137789178720648
0.5108815909777921,0.261,0.011670313061891393,0.6897101270988507,0.5118391265232983
0.5118593556827891,0.26199999999999996,0.011540670448660736,0.6895086400427134,0.5101727578422524
0.5128352561983234,0.26299999999999996,0.01136362941527671,0.6912237819847595,0.508764692035315
0.5138093031466052,0.26400000000000007,0.011390879315888438,0.6883908053300354,0.506326171167268
0.51478150704935,0.26499999999999996,0.01151558234164293,0.683229264898902,0.5034398391595301
0.5157518783291051,0.266,0.011240693254210477,0.6891115394108139,0.5024983755549216
0.5167204273105526,0.267,0.01112398017547458,0.6868769178026027,0.5008114049357505
0.5176871642217914,0.268,0.010952463844954134,0.689746661744712,0.4993498249674154
0.5186520991955976,0.269,0.010917436383690058,0.6880164845644144,0.49719120649894766
0.5196152422706632,0.2700000000000001,0.010844072232759575,0.6890284731938161,0.4952989882126985
0.5205766033928149,0.2710000000000001,0.010763994258852026,0.6878536611921828,0.49338999341813844
0.521536192416212,0.2720000000000001,0.010752349335400662,0.6841089122537253,0.49110252026407725
0.5224940191045253,0.2730000000000001,0.010465156054160131,0.6907667712665833,0.49028633687757417
0.523450093132096,0.27399999999999997,0.010367591409421135,0.68944680224886,0.4884983965532767
0.5244044240850758,0.275,0.01040175816891889,0.686049457996378,0.4859882229103579
0.5253570214625479,0.276,0.010156318555744127,0.6908822053323026,0.4849510458004395
0.5263078946776307,0.277,0.010146383774707723,0.6877271086735335,0.4826716398918032
0.5272570530585627,0.278,0.009963006408668465,0.6893277614736754,0.48130731114680075
0.5282045058497703,0.279,0.009922503405870474,0.6865855655039192,0.4791795835742918
0.5291502622129182,0.28,0.009909802504096702,0.6874829390340128,0.47693089564616603
0.5300943312279429,0.2810000000000001,0.009832641622745077,0.6855390185512897,0.4750128027260117
0.5310367218940701,0.282,0.009629372606634662,0.687629262274516,0.4737632113735921
0.5319774431308154,0.2829999999999999,0.009568279061124821,0.6865434830092453,0.471780713487257
0.532916503778969,0.2839999999999999,0.0095070758668315,0.6864453650281394,0.4697726805288828
0.5338539126015656,0.285,0.009394413676813934,0.6872809836156827,0.4680347804364209
0.5347896782848375,0.286,0.009315821604384539,0.6853852043412912,0.46617094132073733
0.5357238094391549,0.2869999999999999,0.009257392279029138,0.6859543875587327,0.4641064832728071
0.5366563145999496,0.28800000000000003,0.009210146789878366,0.6848385959436696,0.4620277994324214
0.5375872022286244,0.2889999999999999,0.009117042842002737,0.6848618280465405,0.46015924209855613
0.5385164807134504,0.29,0.008880151632783603,0.6873537464011797,0.45919739965614054
0.5394441583704471,0.29100000000000004,0.008936185166780198,0.682969236162112,0.45648443823297485
0.5403702434442518,0.2919999999999999,0.008758852588587988,0.6865162690188343,0.45513497030455846
0.5412947441089743,0.2929999999999999,0.008725299323194515,0.6838341448715528,0.45295675070061453
0.5422176684690383,0.29399999999999993,0.008674006607814125,0.6822633638237707,0.450877574990292
0.5431390245600107,0.29499999999999993,0.008515524179908793,0.6851274587231807,0.44945781948220703
0.5440588203494178,0.29600000000000004,0.008397237112477104,0.6860640692288035,0.44776397686798036
0.5449770637375485,0.297,0.008468584534451458,0.682003469930695,0.4449500406811037
0.5458937625582472,0.29799999999999993,0.008319897429997879,0.6857637522615273,0.44345825991656
0.5468089245796927,0.299,0.008198709737512208,0.6848669358454468,0.44178543122882563
0.5477225575051661,0.29999999999999993,0.008120756333485146,0.6835329766502336,0.4398816181730147
0.5486346689738081,0.301,0.008084821573951094,0.6831243403583506,0.43769461928386816
0.5495452665613635,0.30200000000000005,0.008020543017864956,0.68285220809248,0.4356961820059874
0.5504543577809153,0.30299999999999994,0.007828982151296052,0.6866782535899267,0.43445474978713317
0.5513619500836089,0.304,0.007880937036080834,0.6824120359192066,0.431778818867482
0.552268050859363,0.305,0.007809563951522364,0.6816422331705986,0.42975072106310236
0.5531726674375732,0.30599999999999994,0.007666654128133253,0.6843799883412853,0.42826260985554043
0.5540758070878027,0.30699999999999994,0.00757483066118801,0.6836390533143025,0.42641874229505383
0.5549774770204643,0.308,0.007501071453836895,0.6848128099676928,0.42444803754202964
0.5558776843874919,0.309,0.007411116632433229,0.6817346651723414,0.42267336097617125
0.5567764362830022,0.31000000000000005,0.00737033665645426,0.6818595988836913,0.4204589513032086
0.5576737397439474,0.311,0.007226759482033568,0.6843670294237397,0.41897366190813584
0.5585696017507576,0.312,0.007157972719828549,0.6815456483316289,0.41701167296969316
0.5594640292279746,0.31299999999999994,0.007098060639714943,0.6826757028899496,0.41495322504768883
0.5603570290448759,0.31399999999999995,0.007068767282949437,0.6821998465102295,0.4127402184815159
0.5612486080160912,0.315,0.006908942343477698,0.6827127643489929,0.4113506743868184
0.5621387729022078,0.31599999999999995,0.006900568203868346,0.6808672249686559,0.4089635887385015
0.5630275304103699,0.317,0.0068201564696240375,0.6807707616581798,0.4070744839794991
0.5639148871948674,0.318,0.006741116993897396,0.6801490959284618,0.4051382054468198
0.5648008498577175,0.31899999999999995,0.006778119166954486,0.6768392725251033,0.4024463859217448
0.565685424949238,0.32,0.006571271810806121,0.6823614335371169,0.4014365810964458
0.5665686189686118,0.321,0.00657482983297611,0.6783780006036091,0.3989614795871455
0.5674504383644443,0.322,0.0064555274750894105,0.6810310111178112,0.3973062548586409
0.5683308895353129,0.323,0.006371884637689451,0.6799103350026845,0.3954248427263211
0.5692099788303083,0.32400000000000007,0.006288375742647396,0.6822622175589603,0.3935638681896408
0.570087712549569,0.32500000000000007,0.006233700693920616,0.6808621633194313,0.391489740197964
0.5709640969448079,0.32599999999999996,0.0061004562989586675,0.6812784729036186,0.38992193629316474
0.5718391382198319,0.327,0.0060960635044913555,0.6784531718928257,0.38751273404969167
0.5727128425310541,0.328,0.006010623167237069,0.6793329514367974,0.38565304115949045
0.5735852159879995,0.329,0.005911064628682257,0.6806979205609839,0.38389131433860685
0.5744562646538028,0.32999999999999996,0.005864564111141828,0.6811282467036672,0.381760504911416
0.575325994545701,0.33099999999999996,0.005845267952260015,0.6784584243122863,0.37942880066200785
0.5761944116355173,0.33199999999999996,0.005667443473709089,0.6821793863703134,0.3782436383538774
0.5770615218501404,0.333,0.0056631809939429595,0.6810185727982578,0.37578323582585554
0.5779273310719956,0.33399999999999996,0.005548657226257206,0.6819589499776565,0.3741760589356553
0.5787918451395113,0.3350000000000001,0.005504549842309648,0.6791197522171863,0.37200787985593253
0.5796550698475775,0.33599999999999997,0.005437901682272067,0.6801673515116357,0.37001070794254354
0.5805170109479997,0.33699999999999997,0.005387814649840567,0.6795266002836616,0.3678937354880223
0.5813776741499453,0.338,0.0052744629526500645,0.6818486190230763,0.366243690824892
0.5822370651203855,0.3390000000000001,0.00526636090335228,0.6784921774350553,0.3637979570354163
0.5830951894845301,0.3400000000000001,0.005170692846105386,0.6803761182695525,0.36206185346429076
0.5839520528262573,0.34099999999999997,0.005109006082622217,0.6796705654079522,0.3600118635197897
0.5848076606885378,0.342,0.005040575673982439,0.6801565669678785,0.35806778099335984
0.5856620185738529,0.343,0.005003784148583928,0.6785309007350548,0.355839131061816
0.5865151319446071,0.3439999999999999,0.004917758791612091,0.6797167481752834,0.3539975802891775
0.5873670062235365,0.34500000000000003,0.004858791802541529,0.6795029530747536,0.3519766512481356
0.5882176467941097,0.346,0.004811131221315369,0.6782445855948569,0.3497962497705518
0.5890670590009256,0.347,0.004808957861808352,0.675583175204166,0.34727820619603655
0.589915248150105,0.3479999999999999,0.004724679962790385,0.6789755804226885,0.34544495815351645
0.5907622195096771,0.3489999999999999,0.00465875712906877,0.6780459655959105,0.34344329697082254
0.5916079783099616,0.35,0.0045803026129898035,0.6767511294622401,0.3415563824665662
0.5924525297439449,0.3509999999999999,0.0045241321958003405,0.6786203583992043,0.3394981475701238
0.593295878967653,0.352,0.004421275726455347,0.6781514909209,0.337841028701597
0.5941380311005179,0.353,0.004364433184934829,0.6801874920943934,0.33579531984752475
0.5949789912257406,0.3539999999999999,0.004299530322790699,0.6766263791042352,0.3338009962488485
0.5958187643906492,0.3549999999999999,0.004245210093730633,0.6780484122475781,0.3317207336200692
0.5966573556070519,0.356,0.004242748483465571,0.6748049939234995,0.3291574076107613
0.5974947698515862,0.357,0.004141429098883845,0.6783907172894142,0.32748141200290026
0.5983310120660636,0.358,0.004084282255905389,0.6780060067882512,0.3254494512016149
0.5991660871578097,0.35900000000000004,0.004036991135137621,0.67771192620167,0.32326539204084975
0.6,0.36,0.003950376819276498,0.6782748894052736,0.32151932327848515
0.6008327554319921,0.36100000000000004,0.003916127556955409,0.6766523485651126,0.31923049960036537
0.6016643582596529,0.362,0.0038700791265704093,0.6761276372508974,0.31708528075015185
0.6024948132556828,0.36300000000000004,0.0037910580975527484,0.677617875108302,0.3152187830931939
0.6033241251599343,0.36400000000000005,0.003719320471138887,0.6796934833605845,0.31331414397589735
0.6041522986797286,0.36500000000000005,0.003678299251283161,0.6783207145533365,0.31108078151795704
0.6049793384901669,0.366,0.0036605984351373794,0.6751103997360882,0.3086780720408763
0.6058052492344383,0.36699999999999994,0.003568494467122477,0.6774047254613335,0.30699168505261815
0.6066300355241241,0.36800000000000005,0.0035170816481844974,0.6770087236990089,0.30488313404290074
0.6074537019394977,0.36900000000000005,0.0034738460849089055,0.6768295172284393,0.3026820660484882
0.6082762530298219,0.36999999999999994,0.003436936423641736,0.6757328047402794,0.30042437985243
0.6090976933136424,0.37099999999999994,0.0034028698136425043,0.6733423612929244,0.29815858394891515
0.6099180272790763,0.37200000000000005,0.003338677680980319,0.6735413301024097,0.29618187452360606
0.6107372593840988,0.37300000000000005,0.00326759058009406,0.6757637121406606,0.2942745669928934
0.6115553940568262,0.374,0.0032570695363154777,0.6722211920450756,0.2917620517723253
0.6123724356957945,0.37499999999999994,0.003156156820852237,0.6760606779468373,0.29017342883577174
0.6131883886702356,0.37599999999999995,0.0031102868430990145,0.6749239349152408,0.28803577658766355
0.6140032573203501,0.37700000000000006,0.0030299816960790544,0.6767023054925471,0.2862466832317815
0.6148170459575759,0.378,0.002986526737663027,0.6753109086335806,0.2840917086817367
0.6156297588648554,0.379,0.0029894388150534367,0.6744864774533265,0.28137376046668344
0.6164414002968976,0.38,0.0028933360982970877,0.6776374219051775,0.27982132837118817
0.6172519744804386,0.38099999999999995,0.002870694642367851,0.6727458285323715,0.27741551167836287
0.6180614856144977,0.38199999999999995,0.002817325763437229,0.6768288318222787,0.2753221660695304
0.618869937870632,0.38299999999999995,0.0027880475407796434,0.6746240612192953,0.27298347243995374
0.6196773353931867,0.384,0.0027170040422429455,0.676013735650873,0.27113410830225426
0.6204836822995429,0.38500000000000006,0.002659739268808083,0.6773872988882449,0.26912008034047813
0.6212889826803627,0.386,0.0026175573954637208,0.6741908703740442,0.26693030519800326
0.6220932405998316,0.387,0.0025878942484648363,0.6758808455080217,0.2646109869607822
0.6228964600958975,0.388,0.002546112325641818,0.6754155762849297,0.2624251339178813
0.623698645180507,0.38899999999999996,0.0024927038968507835,0.6753843823058548,0.2603931251988101
0.6244997998398398,0.39,0.0024422504315358092,0.6744679994816147,0.2583053280107271
0.6252999280345393,0.39099999999999996,0.0023986518796167413,0.6759957811973134,0.2561326769067638
0.6260990336999411,0.392,0.0023585611801162885,0.6738571279969153,0.25394905905412046
0.6268971207462992,0.39300000000000007,0.002292884631687353,0.6789665303867317,0.2520646271024611
0.6276941930590086,0.394,0.0022693987785759426,0.6760971493479162,0.2496614429431648
0.6284902544988268,0.3950000000000001,0.002227062043193117,0.675353800881529,0.24748426731954565
0.6292853089020909,0.39599999999999996,0.002193701587142167,0.675614680364709,0.2451838994308216
0.6300793600809346,0.397,0.002150642394274341,0.6726145475687932,0.2430403985425229
0.6308724118235002,0.398,0.002109078948586074,0.6745401236544037,0.24088372188490761
0.6316644678941503,0.3990000000000001,0.0020632060704256095,0.6745777777374652,0.23875328271768395
0.6324555320336759,0.4,0.0020167901960935694,0.6754213455006256,0.23663654010800947
0.6332456079595026,0.401,0.001976700690017191,0.6743458037732858,0.23446929725183355
0.6340346993658943,0.40199999999999997,0.0019455678789254375,0.6727745211403856,0.23217343513020158
0.6348228099241552,0.4030000000000001,0.0019105785003136668,0.6733686364752592,0.22989730855215634
0.6356099432828282,0.404,0.001858989177281134,0.6747874866290212,0.22787732756498327
0.6363961030678927,0.40499999999999997,0.0018170651796389201,0.6727753398009336,0.2257590919680388
0.6371812928829597,0.406,0.001801138481947221,0.6709021876058874,0.2232042069307189
0.6379655163094632,0.4069999999999999,0.0017560560646227071,0.6729539559675449,0.22110296006941085
0.6387487769068525,0.40800000000000003,0.0017178229302908705,0.6719973872933179,0.2189263892376391
0.6395310782127792,0.4089999999999999,0.0016662179763443303,0.6755590189284391,0.21693310507417468
0.6403124237432849,0.41000000000000003,0.0016356337271900944,0.6740629675006792,0.21461916781761034
0.6410928169929843,0.41100000000000003,0.001613911628000344,0.6717426055348636,0.21217480791887214
0.6418722614352484,0.4119999999999999,0.001569490936869258,0.6734321845933584,0.21008072587186993
0.6426507605223851,0.413,0.0015294322260461402,0.6725086586032311,0.20793790131829445
0.6434283176858164,0.4139999999999999,0.001491112622436338,0.6735841024810013,0.20577332258557085
0.6442049363362563,0.41500000000000004,0.0014541607419165947,0.6744596771346707,0.2035741472547747
0.644980619863884,0.41600000000000004,0.0014325988456768942,0.6713867097324727,0.20113039268410352
0.6457553716385176,0.417,0.0013835268615204918,0.6757903048828372,0.1991533039423092
0.6465291950097846,0.41800000000000004,0.0013664396366101835,0.6708534463173221,0.19662385553726566
0.6473020933072903,0.41899999999999993,0.00132193722782,0.6728323679315737,0.19460412848346367
0.648074069840786,0.41999999999999993,0.0013061258768319124,0.6720269678333144,0.19202977952838635
0.6488451279003333,0.42099999999999993,0.001261867730689764,0.6713949918090077,0.1900065860485329
0.6496152707564686,0.42200000000000004,0.0012245470836498543,0.6723659246559875,0.18785489517952575
0.650384501660364,0.423,0.001191367710904719,0.6728445002077461,0.1856261694509193
0.6511528238439882,0.42399999999999993,0.0011707819824521865,0.6713055393515907,0.1831574389466451
0.6519202405202649,0.425,0.0011367054802761025,0.6722460219592317,0.18098341376117438
0.6526867548832288,0.426,0.001093846855757434,0.6727914423557524,0.17895581152074014
0.6534523701081816,0.42699999999999994,0.0010762400513944872,0.6705043712543002,0.1764469071405703
0.6542170893518451,0.42800000000000005,0.001036998249656779,0.6745039456645809,0.1743646006938387
0.6549809157525126,0.429,0.0010201792450322063,0.670889134523342,0.1718541904674752
0.6557438524302001,0.43,0.000990458322547883,0.6721695601438114,0.16957842180616928
0.6565059024867941,0.431,0.0009696025528368339,0.6707188068524687,0.16713341579499116
0.6572670690061994,0.43200000000000005,0.0009366610760571944,0.6714814188539477,0.16496232059120428
0.6580273550544841,0.43300000000000005,0.0009033847158879671,0.6728472732431893,0.1628026540658999
0.6587867636800242,0.43400000000000005,0.0008857741618605962,0.6706970644680689,0.16028176382905052
0.6595452979136459,0.43499999999999994,0.0008494521409256971,0.672415850341813,0.15821926491646404
0.6603029607687672,0.43600000000000005,0.0008301686564887163,0.6689985667590214,0.1557475433331383
0.6610597552415364,0.437,0.0007967011958896471,0.6750415718239725,0.1536267121042749
0.6618156843109719,0.43800000000000006,0.0007792896768730895,0.6729830161638585,0.15112866363923594
0.6625707509390978,0.43899999999999995,0.0007463622162698909,0.6722476892182427,0.14901073496959533
0.6633249580710799,0.43999999999999995,0.0007277426760052751,0.6715750331096164,0.14653678822271296
0.6640783086353597,0.441,0.0006994037408142843,0.6724473717884866,0.14432545743088043
0.6648308055437865,0.44200000000000006,0.0006787259288450441,0.6720920327177216,0.14192659034386984
0.6655824516917495,0.443,0.0006606063397490161,0.6681279123632649,0.13945491597360793
0.6663332499583072,0.44399999999999995,0.0006396277675121301,0.6694292016560361,0.13707271320794254
0.6670832032063166,0.44499999999999995,0.0006162279630872118,0.6699806583066299,0.13473595537260213
0.66783231428256,0.44599999999999995,0.0005888958640595999,0.6727512033322256,0.13256023773703013
0.6685805860178712,0.44700000000000006,0.0005689379028009917,0.6708537402164206,0.1301564300040775
0.6693280212272604,0.448,0.0005455594924197108,0.67244696460101,0.12787399113178494
0.6700746227100381,0.44899999999999995,0.0005259521028882426,0.6699866758859783,0.12547900852582133
0.6708203932499369,0.45,0.0005018818451790958,0.6724059359404246,0.12324040329582929
0.6715653356152326,0.45099999999999996,0.0004833705721212697,0.6723759674439902,0.12083604895077119
0.6723094525588644,0.45199999999999996,0.00046394985464707556,0.6728060661380714,0.11845756693510245
0.6730527468185536,0.45300000000000007,0.00045047056574157757,0.6702117422428613,0.11590669076982922
0.6737952211169207,0.45400000000000007,0.000425602943254102,0.6716184513942185,0.11373168101929655
0.6745368781616021,0.45500000000000007,0.00040536273774491067,0.6738647588427418,0.11141521645602442
0.6752777206453653,0.456,0.00039047454888625603,0.6700510533477211,0.10892292292255565
0.6760177512462229,0.4570000000000001,0.0003735575624217744,0.6721818979744462,0.10651604099483375
0.6767569726275452,0.45799999999999996,0.00035439359763322513,0.6727354204498234,0.10420315815134093
0.677495387438173,0.4590000000000001,0.0003425798227885856,0.6668282264292615,0.10162064355584917
0.6782329983125268,0.46,0.0003229165118345821,0.6691052164881821,0.0993486788649584
0.6789698078707183,0.4610000000000001,0.0003065264966679812,0.6734524470545856,0.09696643623759038
0.6797058187186572,0.4620000000000001,0.00029078852014672137,0.6727433777337575,0.09457041039581351
0.68044103344816,0.46299999999999997,0.000276368912757079,0.6713696592090195,0.09213215609489903
0.6811754546370561,0.4640000000000001,0.00026012516564960514,0.6725440311995496,0.08977282935066766
0.6819090848492928,0.465,0.00024574531286843213,0.674139159177794,0.08736412200345187
0.6826419266350405,0.4660000000000001,0.00023163786844890446,0.6731125858427561,0.08495844340318838
0.6833739825307955,0.467,0.00021889941683327142,0.6724805569071429,0.0824934604590788
0.6841052550594828,0.4680000000000001,0.00020700075636908834,0.6698754931005303,0.08000637892131553
0.6848357467305572,0.469,0.00019304386493589933,0.6720867047138319,0.07763260425260207
0.6855654600401044,0.47000000000000003,0.00018167088701695467,0.6700679711331443,0.07514686681511172
0.6862943974709396,0.471,0.00016898802824157172,0.6719790860160275,0.07274400278374483
0.6870225614927067,0.4719999999999999,0.00015724240772148953,0.673626721487557,0.07031584295882642
0.687749954561976,0.473,0.00014684825745942326,0.6716226138393299,0.06782392381951975
0.6884765791223402,0.4739999999999999,0.00013430671352320723,0.6726937422414075,0.06548074741806414
0.689202437604511,0.475,0.00012665370479212254,0.6712921273462088,0.06286379850780402
0.6899275324264136,0.476,0.00011666146060123177,0.6704174935980033,0.060404192659344116
0.6906518659932803,0.47700000000000004,0.0001068619594739269,0.6712280693036324,0.05795617868508729
0.6913754406977441,0.4779999999999999,9.814876145151619e-05,0.6686604393951675,0.05545333304700848
0.692098258919931,0.4789999999999999,8.940401295842834e-05,0.6693338613492404,0.05298364762692451
0.6928203230275509,0.48,8.149750235310644e-05,0.6680800510327402,0.05047279077637133
0.6935416353759881,0.48100000000000004,7.328213029250807e-05,0.6705292481422154,0.048008906352483595
0.6942621983083913,0.48200000000000004,6.530116361706554e-05,0.671400425167288,0.0455659014370715
0.6949820141557621,0.48299999999999993,5.804021368774434e-05,0.6718697980849835,0.04309406770318683
0.6957010852370434,0.484,5.175865806461513e-05,0.6706314443461108,0.04055645243449664
0.6964194138592059,0.48499999999999993,4.5541943237439865e-05,0.6701952973913492,0.038049575026991016
0.697137002317335,0.48599999999999993,3.924481839494167e-05,0.6714365679544891,0.03559421029046922
0.697853852894716,0.48699999999999993,3.390330799745414e-05,0.6720186872480687,0.03307087843471558
0.6985699678629192,0.48800000000000004,2.912283391094358e-05,0.6698194888398422,0.03052239276846132
0.6992853494818835,0.48899999999999993,2.443694770793056e-05,0.6712892574707529,0.028009980623992885
0.7,0.48999999999999994,2.009832732218481e-05,0.6699531027577362,0.025502032029113747
0.700713921654194,0.49099999999999994,1.6261887254852036e-05,0.671450480990769,0.02297429619479044
0.7014271166700072,0.49199999999999994,1.2906674456989088e-05,0.6700507834123172,0.020429512017748567
0.7021395872616784,0.49300000000000005,9.796143562932857e-06,0.6738397710426778,0.0179104948771365
0.7028513356322231,0.49399999999999994,7.3642316262349075e-06,0.6687069308572646,0.01531968283166837
0.7035623639735145,0.49500000000000005,5.027096647097895e-06,0.6704008830241776,0.012806395481458921
0.7042726744663603,0.49599999999999994,3.2506723748010226e-06,0.6694355742283642,0.01024073817411235
0.7049822692805827,0.49700000000000005,1.8192430720460285e-06,0.6702346559517277,0.007692421258901096
0.705691150575094,0.498,8.092285661881138e-07,0.6707910028508561,0.005132674942021324
0.7063993204979744,0.49899999999999994,1.9944839822537698e-07,0.672460172924598,0.002573163465598964
0.7071067811865476,0.5000000000000001,2.1007640071957213e-16,0.6697726387053997,0.0
0.7078135347674556,0.501,2.0172259601469735e-07,0.6702678982862986,0.0025694373072285585
0.708519583356734,0.502,8.022975788091192e-07,0.6715586274730687,0.005137901840054607
0.7092249290598858,0.503,1.8114998904639413e-06,0.6716707575020515,0.007696853421836815
0.7099295739719539,0.5039999999999999,3.244682936530807e-06,0.6686302851830518,0.010242943644470332
0.7106335201775947,0.5049999999999999,5.033865254124647e-06,0.6726080762433191,0.012804276927192012
0.7113367697511496,0.506,7.245887977829979e-06,0.6702088125747783,0.015352158708215893
0.7120393247567159,0.507,9.901798567749166e-06,0.6711397451221242,0.017886378566545937
0.7127411872482184,0.508,1.29959016877931e-05,0.667693457501743,0.020410681170864475
0.7134423592694787,0.509,1.6389202692976402e-05,0.6704965394386488,0.022950958914073106
0.714142842854285,0.51,2.0169753987981875e-05,0.6706874492572511,0.025490864447438956
0.7148426400264607,0.5110000000000001,2.4460123542268165e-05,0.6701443959789696,0.02800571862120305
0.7155417527999327,0.512,2.933421078608284e-05,0.6686314373510505,0.03049583877446353
0.7162401831787993,0.513,3.4034001421848905e-05,0.6692265368948664,0.03305571550335996
0.7169379331573968,0.514,3.973745736203112e-05,0.6708248162962906,0.03553470256516541
0.7176350047203662,0.515,4.5795093581349956e-05,0.6696314365348941,0.038021233734409514
0.7183313998427189,0.516,5.2251566033328944e-05,0.6689395752706665,0.04050949083340548
0.719027120489902,0.5170000000000001,5.89125682867123e-05,0.6697741478447079,0.04300814140903928
0.7197221686178633,0.518,6.619402064406942e-05,0.6686313018033532,0.04548824571436499
0.720416546173115,0.5189999999999999,7.25905680719583e-05,0.6707961979460275,0.04807130608234455
0.7211102550927979,0.5200000000000001,8.04743515433648e-05,0.6710365709964603,0.050554873948684936
0.7218032973047436,0.521,8.979147027777715e-05,0.6676922678567727,0.052955022498970494
0.7224956747275377,0.522,9.81744809958804e-05,0.6685392596119069,0.055454166653069584
0.7231873892705818,0.523,0.00010644897661548832,0.6717416123152531,0.05798266152004487
0.7238784428341544,0.5240000000000001,0.00011716166679433969,0.6683320108976863,0.060365485236808715
0.724568837309472,0.525,0.00012727207415905246,0.6696244096407266,0.0628228485073054
0.7252585745787499,0.5260000000000001,0.00013754955912725927,0.6710036208830338,0.0652828803178457
0.7259476565152615,0.5270000000000001,0.00014629555089849176,0.6735114115797708,0.06786029071782175
0.726636084983398,0.528,0.0001596738263359087,0.670134940435771,0.07017402603047095
0.7273238618387272,0.5289999999999999,0.00016892159217512262,0.6703066002131192,0.07274700896805059
0.7280109889280518,0.53,0.00018145760335747555,0.6708451426808899,0.07515971228101402
0.7286974680894672,0.5310000000000001,0.00019334960306032116,0.671322905720065,0.0776130223045951
0.7293833011524188,0.532,0.00020566052884054731,0.6719356810289571,0.08007335613020074
0.7300684899377592,0.533,0.0002223032682360387,0.6694036701375821,0.08233051800387665
0.7307530362578044,0.534,0.00023079559797352576,0.6745547688769827,0.0849865503714929
0.7314369419163897,0.5350000000000001,0.00024472479283816733,0.673559790964154,0.08741537315314128
0.7321202087089251,0.5360000000000001,0.00026051792444021967,0.6730218627321685,0.08976167258427524
0.7328028384224504,0.537,0.00027863527856421646,0.6682417803181016,0.0920320230856142
0.73348483283569,0.5380000000000001,0.0002897070244759923,0.6718187820241567,0.09461779594195678
0.7341661937191061,0.539,0.0003069060828129314,0.6715294748358317,0.0969558897030288
0.7348469228349535,0.54,0.00032103172706803094,0.672175782572611,0.09942722406326512
0.7355270219373317,0.5409999999999999,0.00033967842353140905,0.672526458453768,0.10173053932521477
0.7362064927722385,0.542,0.0003565238296050229,0.6719249371711097,0.10412613852595103
0.7368853370776216,0.543,0.0003714427422921041,0.6721833510125854,0.10658916029458762
0.737563556583431,0.544,0.0003898346927409576,0.6712056923381917,0.10894806300906444
0.73824115301167,0.545,0.00040789016020123184,0.6730882017924736,0.11132732087962659
0.7389181280764466,0.546,0.00042759792100308114,0.6715594028097185,0.11365939133359484
0.7395944834840239,0.5470000000000002,0.0004491887393278865,0.6685480486381185,0.11594805867052689
0.7402702209328699,0.5479999999999999,0.0004672383019665839,0.6708458769022404,0.11835598375007869
0.7409453421137082,0.5490000000000002,0.0004848767502198325,0.6733789839733916,0.12079138408809634
0.7416198487095663,0.55,0.0005031079162105394,0.6700580946159282,0.12320286202095411
0.7422937423958255,0.551,0.0005273806740929199,0.6689639409253315,0.12544123659062084
0.7429670248402684,0.552,0.0005467314025207363,0.6719222154957034,0.12783054762495344
0.7436396977031283,0.553,0.000566087676597829,0.6728340330937022,0.13023712273212198
0.7443117626371358,0.554,0.0005834190732296704,0.6717630298665724,0.13270995244740247
0.744983221287567,0.555,0.0006077585078233576,0.6718162610085963,0.13498275044748326
0.74565407529229,0.556,0.0006315812695951897,0.6726974165555946,0.13728151851163653
0.7463243262818117,0.557,0.000657638883200721,0.6720562322421861,0.13953155876363454
0.7469939758793239,0.5579999999999999,0.0006795708248668045,0.6729572903380545,0.14189874767585575
0.7476630257007498,0.559,0.0007011499666489503,0.66978563078696,0.1442817021729258
0.7483314773547883,0.56,0.0007221768377406639,0.6743095023231688,0.1466849174398929
0.7489993324429602,0.561,0.0007549718489252866,0.6704623416058733,0.1487883403744725
0.7496665925596525,0.562,0.0007741112835121887,0.6720031115168649,0.15125504065613787
0.7503332592921628,0.563,0.0008054245759895365,0.6727758527866577,0.15341841154334193
0.7509993342207435,0.564,0.000837716881424134,0.6689714514971249,0.15558278955861762
0.7516648189186453,0.5649999999999998,0.000857560287049009,0.6710035174973097,0.1580244447251351
0.752329714952161,0.566,0.0008759295623200243,0.6737571514720748,0.16051186024205985
0.7529940238806679,0.567,0.0009043260758500794,0.6713702241817828,0.16277979748154736
0.7536577472566709,0.5680000000000001,0.0009348488998977963,0.6713936461545483,0.16499218290172005
0.7543208866258444,0.569,0.0009648697445282822,0.6726500631138664,0.16724394810795637
0.7549834435270749,0.57,0.0009846615722887968,0.6717791881907801,0.1696961278857608
0.7556454194925024,0.571,0.0010168257995991977,0.672621339122135,0.1719061366883488
0.7563068160475614,0.572,0.0010501451201482927,0.6715894886404651,0.17409807913954076
0.7569676347110225,0.573,0.0010708731258683585,0.6729950205707536,0.17654330567897283
0.7576278769950324,0.574,0.0011084817001065952,0.6706033367920664,0.17866369068472995
0.758287544405155,0.575,0.001131621080097779,0.6738979324067945,0.18107040882686112
0.758946638440411,0.576,0.0011569625723788946,0.6734002504355862,0.18343043088831693
0.7596051605933177,0.5770000000000001,0.001198500666952047,0.6731712348975893,0.18550267218872796
0.7602631123499285,0.578,0.0012279908849685695,0.6722922758419806,0.18779600623619114
0.7609204951898719,0.579,0.0012533414367566164,0.6737339267095017,0.19015029816853177
0.7615773105863908,0.58,0.0012904492608162956,0.6727223048401502,0.19233246693234296
0.7622335600063802,0.581,0.0013242016122321188,0.6734738688050123,0.1945483077493017
0.762889244910426,0.582,0.001363560702229482,0.6703949799333014,0.1966801543759829
0.763544366752843,0.583,0.0013964323391014602,0.6732452672155941,0.19894412104852616
0.764198926981712,0.584,0.0014158770375391192,0.673096409127398,0.2014144705776699
0.7648529270389177,0.585,0.001460933339663947,0.6713807987893479,0.20345529280111216
0.7655063683601855,0.586,0.0015106238451047301,0.6716602831667675,0.20544104255375906
0.7661592523751182,0.587,0.0015261128270973548,0.6715561139469864,0.2080076853301884
0.7668115805072325,0.588,0.0015709711285167888,0.6731929124699734,0.21005222271251156
0.7674633541739957,0.589,0.0016009100597691734,0.6752035671598343,0.21238065867180503
0.7681145747868608,0.5900000000000001,0.0016268546560214245,0.6729770939531063,0.21475884549707097
0.7687652437513027,0.5909999999999999,0.0016836995096847413,0.6745011647736907,0.21667355020357612
0.7694153624668538,0.5920000000000001,0.001717628723431952,0.6704743192385307,0.2189145234589422
0.7700649323271382,0.593,0.0017458819082527058,0.673977923376058,0.22126499996280066
0.7707139547199077,0.5939999999999999,0.0017851150661346961,0.6744922119050197,0.22343453540056035
0.7713624310270756,0.595,0.0018288985291107587,0.6748067806868531,0.22556005814564206
0.7720103626247513,0.596,0.0018446428713063542,0.6754222636852104,0.22811385983019322
0.7726577508832743,0.5969999999999999,0.0019202201477170084,0.6706468492086562,0.2297695250837909
0.7733045971672482,0.598,0.0019270185356285397,0.675009435241673,0.23243659629185182
0.7739509028355739,0.599,0.001981428878454564,0.6747577995227378,0.23440282455768233
0.7745966692414834,0.6000000000000001,0.0020351106937773534,0.6725001626770785,0.23637990898776803
0.7752418977325722,0.601,0.002080190873306999,0.6732993702099441,0.2385142395642388
0.7758865896508329,0.602,0.0021045246314744387,0.674732726291489,0.2409328000636318
0.776530746332687,0.603,0.002159541282445958,0.6734994119994974,0.2429242802360116
0.7771743691090179,0.6040000000000001,0.002197247465254034,0.6732503389002669,0.24515193855891235
0.7778174593052023,0.605,0.002220476298996325,0.6736373408736511,0.24757263639450697
0.7784600182411425,0.606,0.0022608982816335224,0.6747966185803616,0.24976636417683012
0.7791020472312982,0.607,0.0022798605569302414,0.6752565118191161,0.2522601543041241
0.7797435475847171,0.608,0.0023579925181936496,0.6745098321308055,0.25395082439221783
0.7803845206050668,0.6089999999999999,0.002410354619341368,0.6733017775894914,0.25601273158299415
0.7810249675906654,0.61,0.002442254977206471,0.6757403566089388,0.2583058562676599
0.7816648898345121,0.611,0.0024833188731579006,0.6755443099864108,0.2604898750151705
0.7823042886243179,0.6120000000000001,0.002548910256895399,0.6747959069308747,0.2623715889756347
0.7829431652425354,0.6130000000000001,0.002572012012544759,0.6754429383364492,0.26480063955072314
0.7835815209663893,0.6140000000000001,0.002638602803123821,0.6736425128192898,0.26670535686257546
0.7842193570679061,0.6150000000000001,0.002680673299558327,0.6745214108091644,0.2688731285148607
0.7848566748139434,0.6160000000000001,0.0027071391751116174,0.6749157793892101,0.27125621399253913
0.7854934754662193,0.617,0.0027618882610809317,0.675405286061657,0.27329536157034306
0.7861297602813418,0.618,0.002824716859686518,0.6743442026150971,0.2752312845394597
0.7867655305108378,0.619,0.0028718645439744376,0.6726606552331981,0.27737889047225506
0.7874007874011811,0.6200000000000001,0.0029340196888540233,0.6749217064564207,0.27934117164587186
0.7880355321938218,0.621,0.002944399997295554,0.6761824714846746,0.28189243730826036
0.7886697661252141,0.6219999999999999,0.0030298793795247962,0.6734011567377411,0.2836128649950167
0.7893034904268447,0.6230000000000001,0.003068557269392073,0.6752095859382383,0.2858457619675255
0.7899367063252599,0.6239999999999999,0.0031092078026464694,0.6755556738156739,0.2880622291271715
0.7905694150420949,0.6250000000000001,0.0031673305120443074,0.6748468794442505,0.2900824373290408
0.7912016177940993,0.6259999999999999,0.003221398985404921,0.6754499619074033,0.29214981026837855
0.7918333157931662,0.627,0.0032168692863064636,0.6792855636127916,0.2948185316412738
0.792464510246358,0.628,0.00330567324010597,0.6756346516444155,0.29653097940448436
0.7930952023559341,0.6290000000000001,0.003366926746153761,0.6770963640433184,0.298525073599943
0.7937253933193772,0.63,0.003413750671664034,0.6769405758133252,0.3006655113703367
0.79435508432942,0.631,0.0034750870664245954,0.6761989211907585,0.30266992362719836
0.7949842765740717,0.6320000000000001,0.003558259231387507,0.6748422963712274,0.30445506743934625
0.7956129712366434,0.633,0.0035792986833641863,0.6779032509886295,0.3068759712056959
0.7962411694957753,0.6339999999999999,0.003635506574935679,0.6781484013633834,0.3089283477800702
0.7968688725254613,0.635,0.003716510942032394,0.6760932859224265,0.3107528242364433
0.7974960814950754,0.636,0.003752178846016665,0.6771180921785502,0.3129663528575223
0.7981227975693966,0.6370000000000001,0.003789277654736319,0.6777162962660053,0.3152599137061753
0.7987490219086343,0.6379999999999999,0.0038653464364113463,0.6773409946313971,0.3171274720742548
0.7993747556684537,0.6390000000000001,0.003925406411551867,0.6790284880012183,0.3191504401239876
0.8,0.6400000000000001,0.0039839082346406806,0.6760570907004035,0.321217041425879
0.8006247560499238,0.641,0.0040101048815488274,0.6767109442286765,0.3235355271331832
0.8012490249604052,0.642,0.004088220199980854,0.6769642804049227,0.3253987404020818
0.8018728078691783,0.643,0.0041438224680976545,0.6769619030448387,0.32747383954694387
0.8024961059095552,0.6440000000000001,0.004193801728760403,0.6759428414900834,0.32959311770126143
0.8031189202104505,0.645,0.004296997222947708,0.6765679283391858,0.33123305673405323
0.8037412518964048,0.646,0.004320914810072731,0.6768784276422926,0.33358880703256594
0.8043631020876082,0.647,0.004363172959973858,0.6791247576784263,0.33578683698377854
0.8049844718999243,0.648,0.004455738007737172,0.6766802769954177,0.3375192906662376
0.8056053624449132,0.649,0.004491569101827601,0.6770864562476875,0.33976009375687616
0.806225774829855,0.6500000000000001,0.004584382047506684,0.6753046077694627,0.3415303051382206
0.8068457101577724,0.651,0.004643917130946051,0.677808904006858,0.3435825079174427
0.807465169527454,0.6519999999999999,0.004722713721772562,0.676064899188188,0.34544666780963396
0.8080841540334769,0.653,0.004779222736410167,0.6756602804338522,0.3475496314896927
0.8087026647662292,0.6540000000000001,0.004788728203029045,0.6770874860535289,0.35000282461537585
0.8093207028119322,0.6549999999999999,0.0048648295618736945,0.6795489990303033,0.3518985680309746
0.8099382692526635,0.6560000000000001,0.004935552690055792,0.6796715307218286,0.35384976503471377
0.8105553651663778,0.6570000000000001,0.005030033439852644,0.6775243185036075,0.35562257509738393
0.8111719916269299,0.658,0.005064872155074285,0.6794500963297699,0.35784424839239787
0.8117881497040962,0.659,0.005147390179027982,0.6782395609039001,0.35970596694333334
0.812403840463596,0.66,0.005187488881261972,0.6810504326415772,0.3619191564252765
0.8130190649671138,0.661,0.005289422356363321,0.6771033878958306,0.36363215964542694
0.8136338242723197,0.6619999999999999,0.0053293431594186765,0.6799085439692464,0.365833942448512
0.8142481194328913,0.663,0.0054201053666938755,0.6796980615443391,0.367646442658038
0.8148619514985346,0.6640000000000001,0.005440957495138739,0.6800501410757245,0.3699895666414299
0.8154753215150046,0.665,0.005531284520055281,0.6815484802771261,0.3718223144673246
0.8160882305241266,0.666,0.005626305970502733,0.6778428077995148,0.37357562970804936
0.8167006795638168,0.6670000000000001,0.0056666206476521245,0.6790379048726796,0.375762174169781
0.817312669668102,0.668,0.005780190101607218,0.6792004393488189,0.3773936152444159
0.8179242018671412,0.6689999999999999,0.005797419940407313,0.6798523834056757,0.3797779854661795
0.8185352771872451,0.6700000000000002,0.005792896935340941,0.6832674617972784,0.3822849751127344
0.8191458966508958,0.671,0.005930640711449351,0.6819402485793996,0.3837394292631725
0.8197560612767679,0.672,0.006027217967037761,0.6800995670235198,0.3855605377476261
0.8203657720797474,0.673,0.006131449476076574,0.6783453594645507,0.38722289501082274
0.8209750300709517,0.6740000000000002,0.006143477770723845,0.6797773392470648,0.3896461528753059
0.8215838362577492,0.675,0.00625343114580749,0.6800303401205049,0.39133492446446505
0.8221921916437787,0.676,0.006283217708487839,0.6818655817109022,0.3935919408494664
0.8228000972289685,0.677,0.0063823528546666135,0.6807465526088338,0.3953703152400331
0.8234075540095561,0.678,0.006435461324304081,0.6827261591343969,0.397445417227899
0.8240145629781066,0.679,0.006599046562426894,0.6807696898485232,0.39876094427809716
0.8246211251235321,0.68,0.006587697607521574,0.6815373592599493,0.40130363812095066
0.8252272414311104,0.6810000000000002,0.006640264849403458,0.6811351764871993,0.40341502566182075
0.8258329128825032,0.682,0.00676720820583972,0.6792373015320363,0.4049665811398297
0.8264381404557755,0.683,0.0068158524608754505,0.6803524138726339,0.40709054718347804
0.8270429251254133,0.684,0.006799044564845764,0.6843517258856182,0.4096683900486635
0.8276472678623424,0.685,0.006945774964840613,0.6808194130316482,0.41110918766358157
0.8282511696339463,0.686,0.00705993356566969,0.6820256248031125,0.4127802545911373
0.8288546314040841,0.6870000000000002,0.007133474527931227,0.6806303191021981,0.4147136605388155
0.8294576541331088,0.688,0.00717466452195081,0.6832112255678691,0.41686741601302335
0.8300602387778853,0.689,0.007282374181304671,0.6795864759403611,0.4186268958720764
0.8306623862918074,0.69,0.007381128739735005,0.6827139684561437,0.42044345410450534
0.8312640976248162,0.6910000000000001,0.007389370865143222,0.6829734697291712,0.4227862325656155
0.8318653737234168,0.692,0.0075735870278470134,0.6811047697950809,0.4240033441406091
0.8324662155306964,0.693,0.007607177107368833,0.6830294516715251,0.4262405441516036
0.8330666239863411,0.6939999999999998,0.007661243604245837,0.6826937992749753,0.4283021135583482
0.8336666000266533,0.6949999999999998,0.007779662840910297,0.6837006172744563,0.42994690277673947
0.8342661445845684,0.696,0.007874188328060678,0.6801647888173433,0.4317720061077512
0.8348652585896721,0.6970000000000001,0.007954283689897257,0.6803382013108982,0.4337230969767914
0.8354639429682169,0.698,0.007979847373952981,0.6841332286617455,0.43593675150922556
0.8360621986431392,0.6990000000000001,0.008135557261836528,0.6822215534442182,0.4374028420557592
0.8366600265340756,0.7000000000000001,0.008181854092399552,0.6836174707223528,0.43952085775464056
0.8372574275573791,0.7009999999999998,0.008282211962583347,0.6841613797515048,0.44128763048472663
0.8378544026261364,0.702,0.008332996341384142,0.683800457477982,0.4433698496747942
0.8384509526501833,0.703,0.008381005961715305,0.6853369859018128,0.4454476831590445
0.8390470785361213,0.7040000000000001,0.008401914413235467,0.6864803877539912,0.4477389483951335
0.8396427811873333,0.705,0.008595413476686454,0.6839750847157963,0.44896109365597076
0.8402380615040002,0.706,0.008610430833598068,0.6852592892239885,0.4512459461890135
0.8408329203831163,0.707,0.008800441169296272,0.6840354019456512,0.4525308541644689
0.8414273587185052,0.708,0.008879190585377093,0.6830132472573647,0.4544690379721531
0.8420213774008354,0.7090000000000001,0.008961537416590564,0.6825721175930882,0.4563284090884737
0.8426149773176358,0.7099999999999999,0.008886791069821657,0.6874175156155569,0.45911703292642786
0.8432081593533117,0.711,0.009136247255496069,0.6837975070668426,0.4600787555309949
0.8438009243891594,0.712,0.009212664134558504,0.6846760140763942,0.46202410554991613
0.844393273303382,0.713,0.0092562411471874,0.6859040022848697,0.4640628183191724
0.8449852069711044,0.7140000000000001,0.00930661570505832,0.6868046457559802,0.466164181155648
0.8455767262643882,0.7150000000000001,0.009489590591108354,0.6847474059539846,0.46751976636529924
0.8461678320522472,0.7160000000000001,0.009535194509547313,0.6843044322355927,0.46960987407305727
0.8467585252006619,0.7169999999999999,0.009627095897657787,0.6856152745232502,0.47145824251465185
0.8473488065725944,0.718,0.009786063612654088,0.6839695135052164,0.4729182216084405
0.847938677028003,0.719,0.009863954944890717,0.6830936231875442,0.47481264185268157
0.848528137423857,0.72,0.009880746156776369,0.6852945563012923,0.4770978557190341
0.8491171886141512,0.721,0.010007575373608744,0.687056515635315,0.4787626989574574
0.8497058314499201,0.722,0.01004589781987208,0.6864122840207288,0.4808750288864475
0.8502940667792526,0.723,0.010176712055953132,0.6864756373192177,0.482498240100565
0.8508818954473059,0.724,0.010199214743014148,0.6872974469803314,0.48472486298711676
0.85146931829632,0.7249999999999999,0.010394166064561736,0.6860688460041869,0.4860191227693785
0.8520563361656317,0.726,0.010491935300621695,0.685990121177531,0.487850027963274
0.8526429498916882,0.727,0.010504336103522477,0.6863218623330869,0.49007223004547623
0.8532291603080616,0.7279999999999999,0.010541410720371482,0.6890333623319551,0.4922151212006847
0.8538149682454624,0.729,0.01082113371189195,0.6859803072560362,0.49311263002272915
0.8544003745317531,0.73,0.010788820078370617,0.6892358850805078,0.49556729837196845
0.8549853799919622,0.7310000000000001,0.010931203915249654,0.6866534826312055,0.49713784013508705
0.8555699854482975,0.7320000000000001,0.010986080642839555,0.6883906322396796,0.4991509403179748
0.8561541917201597,0.733,0.011125688055479453,0.6876606191949302,0.500791691152396
0.8567379996241558,0.7339999999999999,0.01127096220600453,0.6894421303793858,0.502349547203746
0.8573214099741123,0.735,0.011334500410314731,0.6880205940020176,0.5042872681532069
0.8579044235810886,0.736,0.011353136880258168,0.6892602924814636,0.5065472690411266
0.8584870412533901,0.737,0.01154010426735376,0.6885154352945443,0.5078896173358227
0.8590692637965812,0.7380000000000001,0.01146108214547414,0.6930013083237591,0.510541339245657
0.8596510920134982,0.739,0.0118040518576187,0.6884858978242766,0.5112113881231081
0.8602325267042626,0.74,0.011672819999233492,0.6910900021391285,0.5140863268047463
0.8608135686662938,0.7410000000000001,0.012000160499583792,0.6879362298064755,0.5148304903048716
0.8613942186943212,0.7420000000000001,0.011968246067149631,0.6912787973008716,0.5172206114277162
0.8619744775803979,0.7429999999999999,0.012147785666430566,0.6900371169170584,0.5186774418732178
0.862554346113913,0.7440000000000001,0.012164338748442891,0.6896217486988,0.5208173153489966
0.8631338250816034,0.745,0.012262684860459144,0.6906502791356549,0.5226532895781103
0.8637129152675673,0.7459999999999999,0.012465293213711336,0.6892163615011286,0.5239654288129636
0.864291617453276,0.747,0.012344815496404322,0.6944387305761992,0.5268093205506218
0.8648699324175861,0.748,0.012539289468747123,0.6927784163690425,0.5281365540706522
0.8654478609367522,0.749,0.012710899375134352,0.6902025015717814,0.5296464683848298
0.8660254037844386,0.7499999999999999,0.012863851584770472,0.6920576026577518,0.5312183366087616
0.8666025617317318,0.751,0.012967448534224548,0.688398144432418,0.5329492629426307
0.867179335547152,0.752,0.012915781777132347,0.6930683454726689,0.5354589499387764
0.8677557259966655,0.753,0.013072798012638928,0.6926984168090817,0.5369501775311027
0.8683317338436964,0.7540000000000001,0.013297239498193626,0.6916946657210494,0.538209588932937
0.8689073598491384,0.755,0.013322332050633148,0.6935317958894757,0.5403418235986319
0.8694826047713663,0.756,0.013495720114598354,0.6927390812451082,0.5418239016683518
0.8700574693662483,0.7570000000000001,0.013447487697471422,0.6930963943660465,0.5442736789174741
0.8706319543871567,0.7580000000000001,0.01367023431739712,0.6923019061280351,0.5454926860030509
0.8712060605849801,0.759,0.01367879861506275,0.6945212130096257,0.5477128273207312
0.8717797887081347,0.7599999999999999,0.013818697917100735,0.6929689787928702,0.5492967683263148
0.8723531395025755,0.761,0.014013275597415456,0.6932364118225837,0.5507234080000292
0.8729261137118078,0.7620000000000001,0.014158493129701433,0.6922084035249547,0.5523312043610099
0.8734987120768982,0.7629999999999999,0.014402365638157525,0.6916125413438412,0.5534678126720898
0.8740709353364863,0.764,0.014303697781105748,0.6939369560079484,0.5561015279586657
0.8746427842267951,0.765,0.014496269232763325,0.6944344848721848,0.5575752595181529
0.8752142594816426,0.7659999999999999,0.014479461067872386,0.6933030620644967,0.5598254343384655
0.8757853618324527,0.7670000000000001,0.01471202250298625,0.6930728149378844,0.5610488531551164
0.8763560920082658,0.768,0.0147322195186881,0.6958586486294757,0.5631777861093611
0.8769264507357502,0.769,0.014880001278271398,0.6955332855525356,0.564793421518036
0.8774964387392122,0.77,0.015085110307230724,0.6947242518942844,0.5661277734971043
0.8780660567406077,0.771,0.015095956079172926,0.6953243663861773,0.5682754311650695
0.8786353054595518,0.7719999999999999,0.015270489429794627,0.6929849878392144,0.5697888181737073
0.8792041856133307,0.773,0.015316609606285775,0.6963903357394808,0.5717717355415687
0.8797726979169108,0.774,0.01533356800227278,0.6967468176949221,0.5738398511377135
0.8803408430829505,0.775,0.015649464494432802,0.6959342047152467,0.5747588094892295
0.8809086218218096,0.776,0.015645226022709933,0.6965039223257646,0.5770307104244851
0.8814760348415606,0.7770000000000001,0.01584885211326644,0.6963660977361648,0.5784162250572482
0.8820430828479978,0.7779999999999999,0.016079159435278687,0.6933912815829061,0.5796752445401465
0.8826097665446492,0.7790000000000001,0.016040606246406835,0.6975453098657617,0.5819723236071155
0.8831760866327847,0.78,0.016206299874817545,0.6953195886528896,0.5835427649643483
0.8837420438114281,0.781,0.01632373919166957,0.6954343081859754,0.5852185660385468
0.8843076387773657,0.7819999999999999,0.01629489802289216,0.6969104106026607,0.5874960642696451
0.8848728722251575,0.783,0.01646862698408037,0.6979734022019702,0.5890083872664361
0.8854377448471462,0.784,0.01661822574365565,0.6971109795230533,0.5905868419604515
0.8860022573334675,0.7849999999999999,0.016561519783091647,0.6987772129238579,0.5929998431208909
0.8865664103720601,0.786,0.016892036277952365,0.6970487277882138,0.5939235538058328
0.887130204648675,0.7869999999999999,0.017084877327730952,0.6988244610767399,0.5953161553516018
0.8876936408468858,0.7879999999999999,0.017191392363275347,0.6970243906871552,0.5970834520161137
0.8882567196480982,0.789,0.017265585772254427,0.698057157151098,0.5989547731015638
0.8888194417315589,0.79,0.01737458971881993,0.6998325855870711,0.6006409190600319
0.8893818077743664,0.7909999999999999,0.017474272249457058,0.698919703071649,0.602442985985291
0.8899438184514796,0.7920000000000001,0.017579555786358916,0.6992795598266676,0.60423161669667
0.8905054744357275,0.793,0.017771662704134564,0.6986271279164823,0.60567625745781
0.8910667763978186,0.794,0.017671663635501097,0.7003898207062117,0.6081626120048456
0.8916277250063505,0.7950000000000002,0.017978435157709284,0.7016247036357606,0.6091761475531302
0.8921883209278185,0.7960000000000002,0.018044406543998293,0.6997037059439779,0.6110257080160756
0.8927485648266258,0.797,0.01819487601116478,0.6999349283613052,0.6127050688073535
0.8933084573650918,0.798,0.01851844054610147,0.6995519735152128,0.6136733053857579
0.8938679992034618,0.799,0.018508524353002806,0.7005427784885734,0.6157842839260805
0.8944271909999159,0.7999999999999999,0.018690796595346452,0.6992503195782167,0.6172966020643987
0.8949860334105779,0.801,0.018784421309961136,0.7015623147310571,0.6190760295796587
0.8955445270895245,0.802,0.018733422509144924,0.7024870250987593,0.6213847947513476
0.8961026726887941,0.8029999999999999,0.018939172081150053,0.7039842958234579,0.6227479990832748
0.8966604708583958,0.8040000000000002,0.019074122014215714,0.701207025305274,0.6243959984859118
0.897217922246318,0.8049999999999999,0.01916309099488167,0.7027219399494534,0.6262075441998686
0.8977750274985377,0.806,0.01928709853780871,0.7044819365810995,0.6278888106789043
0.8983317872590283,0.807,0.01962353624454853,0.7023136517812478,0.6288940213849922
0.8988882021697693,0.808,0.019546069228070485,0.7044740564537084,0.6312460376882781
0.8994442728707543,0.809,0.019721593478178763,0.7039235598920992,0.6327276133983996
0.9,0.81,0.019979718202912215,0.7012560514674565,0.6339782642496405
0.9005553841935542,0.8109999999999999,0.019847616424217156,0.7064500203777113,0.6364912383304497
0.9011104260855048,0.812,0.02018316255047321,0.7036055742748178,0.6374847025324648
0.901665126307988,0.813,0.020181256238908877,0.7035892164485037,0.6395771451200619
0.9022194854911968,0.8139999999999998,0.020248095121996712,0.706953572544765,0.6414511020914496
0.9027735042633894,0.8150000000000001,0.020533488915991216,0.7054624641342752,0.6425470417451875
0.9033271832508971,0.8159999999999998,0.02049898257537842,0.7068481257426615,0.6447794636618399
0.9038805230781334,0.8170000000000001,0.021003886308483686,0.7032438938645573,0.6452489374305187
0.904433524367601,0.818,0.02105485913308677,0.706036555504744,0.6471431346697382
0.9049861877399014,0.819,0.021100912038259236,0.705902171805977,0.649076498228257
0.9055385138137416,0.82,0.020959527566338083,0.7067391755346041,0.6516020846345456
0.9060905032059435,0.821,0.021289012995991362,0.7057489810100064,0.6526241942164313
0.906642156531451,0.8220000000000001,0.021547841665290644,0.7063246004020803,0.6538346270878621
0.9071934744033381,0.8230000000000001,0.021552442723695216,0.7087553915729392,0.6559120436699265
0.9077444574328174,0.8240000000000001,0.021812193937029982,0.7082527369894976,0.6571173643846727
0.9082951062292475,0.825,0.02202167188111661,0.7069150816465027,0.6585675853919092
0.908845421400141,0.826,0.02200797492276576,0.708390031438749,0.6606578750634089
0.9093954035511725,0.827,0.021937688752936797,0.7104151591671493,0.6629263215422471
0.909945053286186,0.828,0.022221246214255367,0.710016921066291,0.6640961740559292
0.910494371207203,0.829,0.02238395674216284,0.7080483825083246,0.665671724683825
0.9110433579144299,0.8300000000000001,0.022923040002691453,0.7055606985225495,0.6660944099617409
0.9115920140062659,0.8310000000000001,0.02265900606440335,0.7098046355069713,0.6689106768912519
0.9121403400793103,0.8319999999999999,0.022969389166597673,0.7093209134393309,0.6700289589637735
0.9126883367283708,0.833,0.02287292758337041,0.7103436340865538,0.6723628334666656
0.9132360045464699,0.8340000000000001,0.02321092356095071,0.711272875074222,0.6733906874120026
0.9137833441248533,0.8350000000000001,0.0234359990642171,0.7091935587855679,0.6747642402242775
0.9143303560529968,0.836,0.023490335836203653,0.7099034892307634,0.6766221862316514
0.9148770409186143,0.837,0.023642390730338015,0.7109345714445092,0.6781963754877893
0.9154233993076646,0.838,0.023881257406719238,0.7105490055341256,0.6795454147770966
0.9159694318043589,0.839,0.02385607065405137,0.7117087373049726,0.6816712389828667
0.916515138991168,0.84,0.024275415055603267,0.7099129449690562,0.6824293515769193
0.91706052144883,0.841,0.024241013397799722,0.7106688320056496,0.684548504076385
0.9176055797563569,0.8419999999999999,0.02423510171431904,0.71435399854682,0.6865902469202467
0.9181503144910423,0.843,0.02437329220502899,0.7132841717830204,0.6882161058830039
0.9186947262284682,0.8440000000000001,0.02459275156553943,0.711854529740033,0.6895971071075341
0.9192388155425117,0.845,0.024781509994698407,0.7132580353838204,0.691090849810673
0.9197825830053535,0.8460000000000001,0.025210357989141147,0.712060444020391,0.6919066788684355
0.9203260291874831,0.847,0.025164937153022243,0.7120206088909592,0.6940618789388595
0.920869154657707,0.848,0.025301455018203384,0.7128655450434337,0.6956603421760309
0.9214119599831554,0.849,0.025432356089369782,0.7143318310034307,0.6973211605915186
0.9219544457292888,0.8500000000000001,0.02557898308815213,0.7150977309067043,0.6988715804193988
0.9224966124599049,0.851,0.025657891471656945,0.7163181735949546,0.7007016130757666
0.9230384607371461,0.8520000000000001,0.025948289177851656,0.714881060925204,0.7018810514019225
0.9235799911215054,0.8529999999999999,0.025967570908543163,0.7156817004288151,0.7037925200618118
0.9241212041718337,0.854,0.025913501829037892,0.7175453189000829,0.7059588308127752
0.9246621004453465,0.855,0.02629134219489106,0.7160180258590344,0.7069037552817887
0.9252026804976302,0.856,0.026379772017068655,0.7176864100174339,0.7086562085557295
0.9257429448826494,0.8570000000000001,0.026663957641282713,0.7165760032547663,0.7099301962260696
0.9262828941527529,0.858,0.02664139261023208,0.7183216742820335,0.7119335095477408
0.9268225288586807,0.859,0.02691158160706454,0.7173223221043606,0.7132098930435954
0.9273618495495703,0.86,0.027186463667913534,0.7170720735836396,0.7144424594524278
0.9279008567729636,0.861,0.027320624301230566,0.7169586954340201,0.716060113091944
0.9284395510748128,0.8619999999999999,0.027298978453816673,0.7189425980620712,0.7180764070173413
0.9289779329994874,0.8630000000000001,0.027557760461255038,0.717282373009094,0.719424205962858
0.92951600308978,0.8639999999999999,0.027838791426946546,0.7180445512091247,0.7206301735675213
0.9300537618869137,0.865,0.027537661031502132,0.7214138730659271,0.7233828165884516
0.9305912099305473,0.866,0.028157048698543602,0.7185667238868951,0.723735507298631
0.9311283477587824,0.867,0.028466888107184538,0.718599446564833,0.7248886289637317
0.9316651759081692,0.8679999999999999,0.028503298887817198,0.7186469310722396,0.7267806561239614
0.9322016949137134,0.869,0.02854394292601593,0.7208794669771444,0.7286403798644896
0.9327379053088815,0.8699999999999999,0.02853284116817653,0.7219289432409927,0.7305818501863534
0.9332738076256079,0.8710000000000001,0.029046177273274205,0.7186854646376271,0.7312563573845527
0.9338094023943002,0.8720000000000001,0.028679014938462036,0.7234132930078834,0.7341905622181941
0.9343446901438462,0.873,0.02877066218976266,0.7230947424789615,0.7358594593705399
0.9348796714016194,0.8739999999999999,0.02912174621714646,0.7236105128611727,0.7369591846302866
0.9354143466934853,0.875,0.029352050593810686,0.723532650091298,0.7383091699538696
0.9359487165438072,0.8759999999999999,0.02950870381091668,0.7235821979248497,0.7398925477762446
0.9364827814754524,0.8769999999999999,0.029733167068127463,0.7248576904628743,0.7412743627570044
0.9370165420097982,0.878,0.029903411841527675,0.7242130435317957,0.7428244411462321
0.9375499986667378,0.8790000000000001,0.03023698018448883,0.7234167015074918,0.7438660085207666
0.938083151964686,0.8800000000000001,0.03028495314482923,0.7252371420085436,0.7457317855015437
0.9386160024205852,0.881,0.03032808621825706,0.7255602212496032,0.7475462827581711
0.9391485505499116,0.8819999999999999,0.030840862627153933,0.7225899957127424,0.7482719350542286
0.9396807968666807,0.883,0.0309435367754214,0.7243926109231473,0.7499617927060682
0.9402127418834527,0.8840000000000001,0.03125678065807913,0.7240363026525066,0.7511493291741885
0.9407443861113389,0.8849999999999999,0.03127985904771381,0.7250856642473286,0.7529879920459619
0.9412757300600074,0.886,0.03157990265793709,0.7260054589800544,0.7541911601689657
0.9418067742376883,0.887,0.030985005744140058,0.7303760009704362,0.7575223210666024
0.9423375191511797,0.8879999999999999,0.03185408784139807,0.7257644688360656,0.7573763624876092
0.9428679653058534,0.8889999999999999,0.03204934362479345,0.7271763311947608,0.758895757185286
0.9433981132056604,0.89,0.03193977335603334,0.7267175825938974,0.7610690233268442
0.9439279633531364,0.8910000000000001,0.032072613395944714,0.7292916400087253,0.762631842966515
0.9444575162494075,0.8919999999999999,0.03223841215602362,0.7299371389872843,0.7641929864323033
0.944986772394196,0.893,0.0324838260743059,0.7274687958089924,0.7655125841316467
0.9455157322858251,0.894,0.03292819165687026,0.7283411160153347,0.766440684476987
0.9460443964212251,0.895,0.032705911051453915,0.7305056611112786,0.7688661831690539
0.9465727652959386,0.896,0.03276364970799243,0.7316432689312723,0.7706345510941351
0.9471008394041259,0.8969999999999999,0.033256961596359956,0.730929363517163,0.771378212753833
0.9476286192385707,0.8979999999999999,0.033329444995268,0.7320424384577074,0.7731678523789731
0.9481561052906847,0.899,0.03362788398273707,0.7310368757118246,0.7743778571858022
0.9486832980505138,0.8999999999999999,0.03391932811253188,0.7310680598533452,0.7755853596276472
0.9492101980067429,0.901,0.03408552235414537,0.731765173325956,0.7771230881010948
0.9497368056467013,0.902,0.0343179724923085,0.7333977154412931,0.7785214127634805
0.950263121456368,0.9030000000000001,0.034274113423860046,0.7345946182430292,0.7805102422078011
0.950789145920377,0.9039999999999999,0.03448298581784198,0.7341372036383201,0.7819175585502195
0.9513148795220224,0.905,0.034608344526135135,0.7338370544315219,0.7835291571230496
0.9518403227432635,0.9059999999999999,0.0348826157267995,0.7336540326012577,0.7848231680888658
0.9523654760647301,0.907,0.0350998760043802,0.7337295562254219,0.7862123693174928
0.9528903399657277,0.9080000000000001,0.03533454916719508,0.7348677325614252,0.7876055665355218
0.9534149149242422,0.909,0.03509750940984254,0.7378175178420195,0.7900043017725876
0.9539392014169457,0.91,0.035581093909573605,0.7358079512063548,0.7908080708994507
0.9544631999192007,0.911,0.03569803964747097,0.7361611044078149,0.7924318784099245
0.9549869109050658,0.9120000000000001,0.03611744220827421,0.7369032756990006,0.7933945045050443
0.9555103348473003,0.9129999999999999,0.03613987045806858,0.7367146433886148,0.7952543123082035
0.9560334722173696,0.9139999999999999,0.03610143419610401,0.7387893114871592,0.7972317991643013
0.9565563234854496,0.9150000000000001,0.036565154221201095,0.7370933568562513,0.7981107573937197
0.9570788891204319,0.916,0.03671435129689888,0.7374396893380765,0.7996408277840195
0.957601169589929,0.917,0.03687540372898678,0.7370129395842174,0.8011856124770994
0.9581231653602788,0.918,0.037213437652993564,0.7391584893121167,0.8023214517932059
0.9586448768965492,0.9189999999999999,0.03730068493000814,0.7405222306544068,0.8039960713475554
0.9591663046625439,0.92,0.037460752482585805,0.7415946862780861,0.8055226214978068
0.9596874491208063,0.9210000000000002,0.037525045905124225,0.7421861211144402,0.8072579563155445
0.9602083107326244,0.922,0.03753097733513308,0.7431506087423684,0.8090496581353736
0.960728889958036,0.9229999999999999,0.03813363716497993,0.7417960578894884,0.8097104208243009
0.9612491872558333,0.924,0.03859356064683048,0.7409720418710398,0.8106529425066807
0.9617692030835673,0.925,0.038912241848838174,0.7417478018151867,0.8118214421685609
0.9622889378975527,0.9259999999999999,0.03890763863692554,0.7428842245728896,0.8136995934026174
0.9628083921528727,0.9269999999999999,0.038508893995650724,0.7449148099598328,0.8163448311486268
0.9633275663033837,0.928,0.03942704401743358,0.7416446961489999,0.8163297505110518
0.9638464608017192,0.929,0.039019033512774845,0.7451287854572176,0.8190187242358651
0.9643650760992956,0.9300000000000002,0.03955581488192725,0.7451356932449731,0.8197834888343647
0.9648834126463155,0.9309999999999999,0.039581560018142996,0.7451149128419332,0.8216033196090768
0.9654014708917736,0.932,0.03971983841745228,0.7466033115401907,0.8231587550822649
0.96591925128346,0.9329999999999999,0.0398176653228273,0.7480187540678555,0.8247984595318573
0.9664367542679656,0.9340000000000002,0.03984831737429269,0.7487452052710728,0.8265649895994924
0.9669539802906858,0.9349999999999999,0.04048678296438655,0.7471240708638383,0.8271221961286914
0.9674709297958259,0.9359999999999999,0.04059027151551562,0.7488876492862201,0.8287309906165176
0.967987603226405,0.937,0.0406876305697085,0.7499800383183782,0.830400570391107
0.96850400102426,0.938,0.040530094955861545,0.7521638954912042,0.8325068607656615
0.9690201236300513,0.939,0.0412122662942335,0.750025213091271,0.8330271504009852
0.9695359714832658,0.94,0.041258214102224744,0.7509960179560853,0.8347593594622166
0.970051545022222,0.9410000000000001,0.04173700588906435,0.7512573320949121,0.8356780487327274
0.9705668446840743,0.942,0.04184346472327168,0.751743352605027,0.8373026050581571
0.9710818709048171,0.943,0.04225398395413567,0.7524353837444029,0.8383354236431378
0.9715966241192895,0.944,0.042177745358132866,0.7522730412473185,0.8403020873644151
0.972111104761179,0.945,0.04227326646726861,0.7552676110135031,0.841962978275702
0.9726253132630263,0.946,0.04251333089012591,0.7555940403526337,0.84329324613564
0.973139250056229,0.9469999999999998,0.04256095591019171,0.7551328326560958,0.845008446458439
0.9736529155710468,0.9480000000000001,0.042758939304799036,0.7572359056462773,0.8464414674701799
0.9741663102366043,0.949,0.04324633155483578,0.7563500635886786,0.8473694562778437
0.9746794344808963,0.9499999999999998,0.04323554441838119,0.7560845807037408,0.8491826934752531
0.9751922887307918,0.951,0.04352148905474909,0.75676434512198,0.8504211698479452
0.9757048734120374,0.9519999999999998,0.043656099633244835,0.7575522911309557,0.8520065726602294
0.9762171889492625,0.953,0.043893969259457,0.7584839064267168,0.8533665700169222
0.9767292357659824,0.954,0.04380985241632577,0.7597690510212655,0.8553357970421248
0.9772410142846032,0.9550000000000001,0.0443025072283,0.7598567711457044,0.8562281667803181
0.9777525249264253,0.9559999999999998,0.04461278084718805,0.7614096144191678,0.8574624939620576
0.9782637681116478,0.9569999999999999,0.04468841892879222,0.7616476396114764,0.8590907611575324
0.9787747442593725,0.9580000000000001,0.044704774406736356,0.7632226510140147,0.8608924491733265
0.9792854537876073,0.9590000000000001,0.04531341516992474,0.7615836891931069,0.8615500911069026
0.9797958971132712,0.96,0.04491192304535384,0.7636429910258764,0.8640794399075826
0.9803060746521975,0.9609999999999999,0.045030944145481845,0.76663231217327,0.8656448396653416
0.9808159868191383,0.9620000000000001,0.045957747402764,0.7646462757111135,0.8657756637053413
0.9813256340277675,0.9629999999999999,0.04626276938371298,0.7653705046569942,0.8669995431515128
0.9818350166906862,0.964,0.04599156293024521,0.7669918934199251,0.8693001995332413
0.982344135219425,0.965,0.045974202766661545,0.7682506946342225,0.8711050870589672
0.9828529900244491,0.966,0.04621038492152026,0.7687555338210531,0.8724690052052388
0.9833615815151617,0.9670000000000001,0.04676152004162494,0.7696538939421155,0.8732830202315676
0.9838699100999074,0.968,0.04682644767209806,0.7698695829156595,0.8749717513411795
0.984377976185977,0.9689999999999999,0.04747925280410705,0.7703034584717179,0.8755889018683533
0.9848857801796105,0.97,0.04790037740336333,0.76994596953299,0.8766661242606902
0.985393322486001,0.971,0.047199561701118616,0.7747154645058488,0.8796047971634257
0.985900603509299,0.972,0.04843436489536875,0.7719505685992726,0.8792451622329792
0.9864076236526155,0.9729999999999999,0.04825279922540809,0.7733902971699652,0.8813600778468968
0.9869143833180262,0.9739999999999999,0.048278039836339354,0.7744107252435565,0.8830642549126098
0.9874208829065749,0.975,0.04853654012699469,0.7756760078788705,0.8844146979699326
0.9879271228182775,0.9760000000000001,0.04855230881626232,0.7784633537518258,0.8861514814090083
0.9884331034521254,0.9770000000000001,0.04949175550165198,0.7759571175092833,0.886302503444572
0.9889388252060892,0.9779999999999999,0.04957887342019345,0.7796446431829874,0.8879329212636762
0.9894442884771228,0.9789999999999999,0.04956874771166653,0.7792927556527617,0.8897040877417981
0.9899494936611666,0.9800000000000001,0.04986841746577943,0.7808314505880978,0.8909620870746691
0.9904544411531506,0.9809999999999999,0.05030307273324692,0.7819891770430621,0.8919814415275412
0.9909591313469996,0.9820000000000001,0.050218834589003544,0.7833477252227745,0.8938801505468867
0.991463564635635,0.983,0.05113692503525491,0.7823274749953091,0.8941367711602716
0.9919677414109795,0.984,0.05065635087653337,0.7854193966401827,0.8966751684125304
0.9924716620639604,0.9850000000000001,0.05052505451238383,0.7870135768832067,0.8986246138087103
0.9929753269845127,0.986,0.05135337024497098,0.7870902745006318,0.8990174295158165
0.9934787365615834,0.987,0.05133696339070232,0.7884349987972704,0.9008183438685191
0.9939818911831342,0.988,0.05108676578147097,0.7924583259635162,0.9029188405706562
0.9944847912361455,0.989,0.051833958144443755,0.7912967393114816,0.9035102445842212
0.99498743710662,0.99,0.05220108785845733,0.7930063725382214,0.9046611201291987
0.9954898291795853,0.9909999999999999,0.05258847916203539,0.7944614610419821,0.9057680907269486
0.9959919678390986,0.992,0.05219792025033712,0.797402973342709,0.9081065037295284
0.9964938534682489,0.993,0.05245170210490891,0.7983846634979124,0.9094581908630996
0.9969954864491614,0.9939999999999999,0.053036451577979864,0.8003424029553298,0.9102635745531091
0.9974968671630001,0.9949999999999999,0.05342946206713075,0.801044705074538,0.9113727543325656
0.997997995989972,0.9960000000000001,0.05331797896454812,0.8045433357356351,0.9132729245115272
0.9984988733093293,0.997,0.05303296606001764,0.8079035592203805,0.9154544670309699
0.9989994994993742,0.9980000000000001,0.053923891502085465,0.8098482609143395,0.9158022706516271
0.999499874937461,0.9990000000000001,0.05403458613699966,0.8149145092348157,0.9173538121820771
1.0,1.0,0.05456562903296105,0.8227281531280458,0.918246547645427
