0.0,0.0,0.06790991920738167,0.7740303691401488,0.8948336468547714
0.03162277660168379,0.0009999999999999998,0.06737201031293075,0.7667149828882552,0.8939047231802558
0.044721359549995794,0.002,0.0668594379383173,0.761562476448324,0.8928320171971998
0.05477225575051661,0.003,0.06687432606073665,0.7602657756854198,0.8909131100444758
0.06324555320336758,0.003999999999999999,0.06639437060310131,0.7556485057397783,0.8897395761071377
0.07071067811865475,0.005,0.06547601919616977,0.7561839481103855,0.8895897824655951
0.07745966692414834,0.006,0.06600882653539086,0.7508221445780567,0.8867349600864127
0.08366600265340755,0.007,0.06498791731396933,0.7522919809876155,0.8866422932337685
0.08944271909999159,0.008,0.06548949240732317,0.7484512169144073,0.8838124354666008
0.09486832980505137,0.009,0.06352614344380413,0.7510936756613923,0.8854173975147456
0.1,0.010000000000000002,0.06357398298598096,0.74867185237313,0.8834069266203298
0.10488088481701516,0.011000000000000001,0.06341143777750562,0.7466812522037262,0.8818578657223363
0.10954451150103323,0.012,0.06401260822595528,0.7429781312228456,0.8789785022807162
0.11401754250991379,0.012999999999999998,0.06414344032376823,0.7415923942912209,0.8767768871629839
0.11832159566199232,0.014,0.06409553740986823,0.7399958631506518,0.8750369832474307
0.1224744871391589,0.015,0.062234986038975856,0.7420423985381981,0.8764564118643106
0.12649110640673517,0.015999999999999997,0.062473851202750806,0.7415950995228829,0.8741329450128392
0.130384048104053,0.017000000000000005,0.062488998873412936,0.7385224158778875,0.8720273661415795
0.1341640786499874,0.018000000000000002,0.06090711726453874,0.7426299614572537,0.8730923261201134
0.13784048752090222,0.019,0.06049024208907595,0.7402937818306253,0.871829880522056
0.1414213562373095,0.02,0.061465023853225734,0.7345750238469838,0.8682063110429202
0.14491376746189438,0.020999999999999998,0.06033273748865875,0.7368559296135986,0.868465321178571
0.14832396974191325,0.022,0.05967967786302817,0.7350277143058692,0.8677587791465641
0.15165750888103102,0.023000000000000003,0.05957096356608117,0.7351023675851592,0.8659512858239555
0.15491933384829668,0.024,0.05966634924535455,0.732017988296321,0.8639906794628843
0.15811388300841897,0.025,0.05946739490221662,0.7326307898548199,0.8624621723376151
0.161245154965971,0.026000000000000002,0.05944159734833432,0.7298140315573092,0.8606657097378071
0.16431676725154984,0.027000000000000003,0.058934347889971914,0.7282530106791473,0.8595629541135748
0.1673320053068151,0.028,0.058730254185509534,0.729474433228186,0.8582604476525121
0.17029386365926402,0.029000000000000005,0.058220296693175,0.7286212478886,0.8568652301367933
0.17320508075688773,0.03,0.05901113201166601,0.7237756840093442,0.8536930927654679
0.17606816861659008,0.030999999999999996,0.05774966253930125,0.7279206198545091,0.8540270906994362
0.17888543819998318,0.032,0.05779116062461817,0.7234698147989564,0.852056057643448
0.1816590212458495,0.033,0.05703517746104217,0.7239046281489482,0.851590741253796
0.18439088914585774,0.034,0.05747475379969712,0.7232340354412224,0.848980575935836
0.18708286933869708,0.035,0.05753527594106951,0.7212689452822411,0.8468598285128853
0.18973665961010275,0.036,0.05614186853060809,0.7244251185186535,0.8477281202779208
0.19235384061671346,0.037000000000000005,0.05621178661889152,0.7219082154899598,0.845521426909928
0.19493588689617927,0.038,0.05572626714813253,0.7210042019835773,0.844781497631277
0.19748417658131498,0.03899999999999999,0.05573094975003641,0.7166910732685027,0.8427731369325855
0.2,0.04000000000000001,0.05486594111028939,0.7201574157014705,0.8423749799675403
0.2024845673131659,0.04100000000000001,0.05533199844890551,0.7200925221075584,0.8397546775243065
0.20493901531919198,0.042,0.05451200207462408,0.7199999290641995,0.8395047383124005
0.2073644135332772,0.043,0.055084828743677525,0.7183814735876024,0.8363533803870179
0.20976176963403032,0.044000000000000004,0.05345141792246767,0.7200491097853047,0.8376817911205348
0.21213203435596426,0.045,0.05317084079132239,0.718024755347637,0.8361471245483477
0.21447610589527216,0.046,0.05432835282408755,0.7159548455932133,0.8319199696074724
0.216794833886788,0.047,0.052786896535916256,0.7169134412741387,0.8332098821757717
0.21908902300206645,0.048,0.05327209921002961,0.7141135321240643,0.8303996245649662
0.22135943621178655,0.049,0.053583455284317724,0.7098941234251653,0.8277028927559188
0.22360679774997896,0.049999999999999996,0.05298309635941512,0.7136389323349354,0.8269407118171015
0.22583179581272428,0.05099999999999999,0.05328715954684678,0.7069448164942872,0.8244193698775559
0.22803508501982758,0.05199999999999999,0.052442579418461845,0.711545445807031,0.8242241690005742
0.23021728866442676,0.053,0.05200704521249435,0.7114385166355626,0.8230715333601718
0.232379000772445,0.05399999999999999,0.05206704510515881,0.7092859053657128,0.8210623851095795
0.2345207879911715,0.05500000000000001,0.05193702531295737,0.7106673987500869,0.819280037676096
0.23664319132398465,0.056,0.05064684448914891,0.7124163785503621,0.8202739606910437
0.23874672772626646,0.05700000000000001,0.050531293803901825,0.7118276950925445,0.8184250241115889
0.24083189157584592,0.058,0.050310381439357794,0.7105423460299041,0.8168722134425481
0.24289915602982237,0.059,0.05089530318672762,0.7078636535068902,0.8137441600030803
0.2449489742783178,0.06,0.050722331502479366,0.707258526314499,0.812354120951299
0.2469817807045694,0.061000000000000006,0.05002727193675416,0.7084713315766107,0.8115856014311847
0.24899799195977465,0.062,0.05009050325741901,0.7069272495401698,0.8094859652107019
0.25099800796022265,0.06299999999999999,0.04892062148962869,0.7089107492848822,0.810096452180022
0.25298221281347033,0.06399999999999999,0.04891682687944022,0.7066346042502936,0.8083632585067805
0.25495097567963926,0.065,0.04939483365185363,0.7034578097436733,0.8051552132517779
0.2569046515733026,0.06600000000000002,0.04888337581332518,0.7045520478744446,0.8043399561087368
0.2588435821108957,0.067,0.04863058433880657,0.7049835137634988,0.8030089958723664
0.260768096208106,0.06800000000000002,0.04797566294259094,0.7018103734517019,0.8024907976868201
0.26267851073127396,0.069,0.048096995837736634,0.7019799603253284,0.8000116120689392
0.2645751311064591,0.07,0.048116306837682934,0.7014949687484913,0.798076480281751
0.2664582518894845,0.07099999999999998,0.04708922225934247,0.7057566625597934,0.7985172845806812
0.2683281572999748,0.07200000000000001,0.04676485720859006,0.7025392321114042,0.7971794266455097
0.2701851217221259,0.07299999999999998,0.04664707676287453,0.7014083351997442,0.7955365710851188
0.2720294101747089,0.07400000000000001,0.047118740989488955,0.6979303401132357,0.7926386182304591
0.27386127875258304,0.07499999999999998,0.046513906160409936,0.6994687339049563,0.791751535481567
0.27568097504180444,0.076,0.046210721119414155,0.7009734410566355,0.7905638827352632
0.27748873851023215,0.077,0.046005304407334684,0.6989301013747985,0.7890551101427564
0.2792848008753788,0.078,0.04566438688052476,0.7023584504554201,0.7878127405959223
0.2810693864511039,0.07899999999999999,0.04579759330698165,0.698178290131778,0.785490818866497
0.282842712474619,0.08,0.04574388941690309,0.6973929800962231,0.7836129590840158
0.28460498941515416,0.08100000000000002,0.04517118812000192,0.6972109903825243,0.7830013867362258
0.2863564212655271,0.082,0.04414569801380838,0.6992812332841328,0.78353994107067
0.28809720581775866,0.08299999999999999,0.04449636285764748,0.6969473718646835,0.7808053918252565
0.28982753492378877,0.08399999999999999,0.04420870956116716,0.6978830218445113,0.779327055172113
0.29154759474226505,0.08500000000000002,0.04407678909379941,0.6979734813959669,0.7776232840566549
0.29325756597230357,0.08599999999999998,0.043063301168740444,0.6961750377534768,0.7781189175831895
0.2949576240750525,0.08699999999999998,0.04401536141402468,0.6930109979951968,0.7738853161730699
0.2966479394838265,0.088,0.04306361372692474,0.696810847359228,0.7743435618236348
0.29832867780352595,0.089,0.04361829194793212,0.6923433540319788,0.7707280620401707
0.3,0.09,0.042578037956585116,0.6958215545152068,0.7713260182445272
0.30166206257996714,0.09100000000000001,0.04279459916706619,0.6942058764383331,0.7686697791117777
0.30331501776206204,0.09200000000000001,0.04232232848895763,0.6920699672302328,0.7678425118095407
0.30495901363953815,0.09300000000000001,0.042458469421817475,0.6895027541206735,0.7657057868142024
0.3065941943351178,0.09399999999999999,0.04245765906295554,0.6890917996709726,0.7635740129061409
0.3082207001484488,0.095,0.04118420317776879,0.6955948803675136,0.764459748506542
0.30983866769659335,0.096,0.04156282427723887,0.691566574020102,0.7616667441136327
0.31144823004794875,0.097,0.040467982123923864,0.6938071116178995,0.7620991485173617
0.31304951684997057,0.098,0.0415494388715734,0.6901780036910738,0.7575655882234655
0.31464265445104544,0.09899999999999999,0.04102967965159024,0.6897671790529063,0.7571407210149429
0.31622776601683794,0.1,0.04087103237108774,0.6908610329389541,0.7553074536299484
0.3178049716414141,0.101,0.04085510050024379,0.6891400931734214,0.7531791923570172
0.31937438845342625,0.10200000000000001,0.03999080270080577,0.6908298164653554,0.7534324522930491
0.3209361307176242,0.10299999999999998,0.04045136486615992,0.686900527511821,0.7502472525452861
0.322490309931942,0.10400000000000001,0.03987252260423439,0.6896087210116951,0.7497369723912969
0.324037034920393,0.10499999999999998,0.0397973986049008,0.6850522067392747,0.7480116273151941
0.3255764119219941,0.10599999999999998,0.03872131652479418,0.6918820155894629,0.7484069123977096
0.32710854467592254,0.10700000000000001,0.03926716981520094,0.6869589586280749,0.74533175260739
0.3286335345030997,0.10800000000000001,0.039078383189416484,0.6869189321736741,0.7436600333502702
0.3301514803843836,0.10900000000000001,0.03870873613185808,0.6854907950614858,0.7425477212413858
0.33166247903553997,0.10999999999999999,0.03870851217552543,0.6848071064519805,0.7405688659505213
0.3331666249791536,0.11099999999999999,0.03838894313721796,0.6864879886984774,0.739373476895002
0.3346640106136302,0.112,0.0382352256312238,0.6845920126633784,0.7376726263153897
0.3361547262794322,0.11299999999999999,0.03799298440091438,0.6847295048704541,0.7363768649804389
0.33763886032268264,0.114,0.03758095648591011,0.6863196891529582,0.7350463927898206
0.3391164991562634,0.115,0.037162211313291435,0.6861962087665543,0.7343741967773926
0.34058772731852804,0.11600000000000002,0.03706282989031455,0.6887806000294989,0.7324983935736401
0.3420526275297414,0.11700000000000002,0.03729171468564599,0.6835104256408723,0.7297913684459947
0.34351128074635334,0.11799999999999998,0.036717923283381484,0.6853030039778573,0.7292686258160442
0.3449637662132068,0.119,0.03603196027197574,0.6858693837420932,0.7291700927099116
0.34641016151377546,0.12,0.03589912413555,0.6866821457452672,0.7274291068475149
0.3478505426185217,0.121,0.0362785197825344,0.6807683418296989,0.7243364498663616
0.3492849839314596,0.12200000000000001,0.03593111338789853,0.685955028091189,0.7232308280914476
0.3507135583350036,0.12299999999999998,0.03556323064668656,0.6840701842338784,0.7222931450392011
0.35213633723318016,0.12399999999999999,0.03520229801640443,0.6842094120413081,0.7211341996476549
0.3535533905932738,0.12500000000000003,0.035245356501727866,0.6836131838833374,0.7192971187436645
0.35496478698597694,0.12599999999999997,0.03504808788694124,0.6785761710589728,0.7174065100323167
0.3563705936241092,0.127,0.03472275685136333,0.6828557339167545,0.7164718793766591
0.35777087639996635,0.128,0.03480353038065147,0.6839595926430847,0.7138859190389875
0.35916569992135944,0.129,0.03451905955315094,0.6831836184492754,0.7128919164097532
0.36055512754639896,0.13000000000000003,0.03445288420082666,0.6795964614233637,0.7108852692470752
0.3619392214170772,0.13100000000000003,0.03383796378830778,0.6800444473387232,0.7106075473785967
0.363318042491699,0.132,0.03444726565990358,0.6800773722649901,0.7069389981519083
0.3646916505762094,0.133,0.03365623437088127,0.6817121898202887,0.7066864237491539
0.36606010435446257,0.13400000000000004,0.033502681159983824,0.6793437603825042,0.7053864663409344
0.3674234614174767,0.135,0.03334215492448581,0.6791094498664022,0.7034293313483794
0.3687817782917155,0.136,0.0333497325652764,0.6799317949744129,0.7015775104864403
0.37013511046643494,0.13699999999999998,0.03240884114634243,0.6815812753979104,0.7022195924050577
0.3714835124201342,0.138,0.03271185112495157,0.6753691131982089,0.699106327922008
0.372827037646145,0.139,0.032586810667836204,0.6762379719060351,0.6972878700971955
0.37416573867739417,0.14,0.0319363308669394,0.6824459651199193,0.6972276662005902
0.37549966711037175,0.141,0.03268296942824117,0.6729379551936562,0.6931490916295834
0.37682887362833545,0.14200000000000002,0.03193375070969607,0.679250604697991,0.6930453716970968
0.3781534080237807,0.143,0.03190137487364192,0.6746496534353006,0.6911068098499928
0.3794733192202055,0.144,0.03165376557421486,0.6736234097944804,0.6896971664720716
0.3807886552931954,0.145,0.03149545518288453,0.6775455793590944,0.6881246431622009
0.382099463490856,0.146,0.03101566287303502,0.6770399993532024,0.6875136422933947
0.38340579025361626,0.147,0.030915558161786955,0.677001793473065,0.685745194640472
0.3847076812334269,0.14800000000000002,0.030258502647422452,0.6792060835480285,0.6856335373247218
0.38600518131237566,0.149,0.030797534559028745,0.6755686949256272,0.6818228334358577
0.3872983346207417,0.15000000000000002,0.030783220617592134,0.6741263434923762,0.6799986545800847
0.38858718455450897,0.15100000000000002,0.029845002447081097,0.6795314524528264,0.6805924434119702
0.38987177379235854,0.152,0.03031420735103296,0.6734833447326141,0.6766065783519787
0.39115214431215894,0.15300000000000002,0.029833954114507753,0.6734188501597363,0.6764165105520776
0.3924283374069717,0.15400000000000003,0.029703889575813946,0.6751436889116862,0.6745160542294217
0.39370039370059057,0.15500000000000003,0.02950087607550916,0.6738336150793354,0.6729792620623233
0.39496835316262996,0.15599999999999997,0.029395925120041466,0.6734883160876791,0.6712333766235176
0.396232255123179,0.157,0.029271566482723083,0.670123859823775,0.6697058476870451
0.39749213828703583,0.15800000000000003,0.02959468466253637,0.6692898015184694,0.6665447457449839
0.3987480407475377,0.159,0.028544418353822237,0.6741179490456051,0.6675193395850405
0.4,0.16000000000000003,0.02862849765619866,0.6729904040223244,0.6651892127421081
0.4012480529547776,0.16100000000000003,0.028636821209220144,0.6748581164541503,0.6632559922331845
0.40249223594996214,0.162,0.027846188915250033,0.6791267878233963,0.663536722324385
0.403732584763727,0.16299999999999998,0.028654044811177275,0.668310312841248,0.6586702129569071
0.4049691346263318,0.16400000000000003,0.02779765813284185,0.6727095237730889,0.6593486003453612
0.406201920231798,0.165,0.027806032737469805,0.6707610710203299,0.6571878667562578
0.4074309757492673,0.16600000000000004,0.02757796203959684,0.6704262416976428,0.6556875307105774
0.408656334834051,0.167,0.027731148361911567,0.6672789424985572,0.6531078857176557
0.40987803063838396,0.168,0.027359618549261222,0.6692998525379055,0.6520978685079003
0.41109609582188933,0.169,0.02720338365519138,0.669855751890084,0.6504087559444064
0.41231056256176607,0.17,0.026783497290542472,0.6714750320099875,0.6499688440857079
0.41352146256270667,0.171,0.026887735260954827,0.6691745648101215,0.6471898756753278
0.4147288270665544,0.172,0.026367113405528997,0.6697721876072634,0.6468870175129259
0.4159326868617084,0.173,0.026336837392809884,0.6676463840920414,0.6448097737118557
0.4171330722922842,0.174,0.02647999162670844,0.6657955747535456,0.6420395554250251
0.4183300132670378,0.17500000000000002,0.025845097554898274,0.6737423474169787,0.6423087871388576
0.41952353926806063,0.17600000000000002,0.025428607505036564,0.6723893282466537,0.6414484805966041
0.4207136793592526,0.177,0.025931759705015437,0.6696965547124826,0.6376425593530031
0.4219004621945797,0.178,0.025367902138553913,0.6698573515473865,0.6373189812227487
0.4230839160261236,0.17900000000000002,0.025423045664317252,0.6691814969549607,0.6349111417609035
0.4242640687119285,0.18,0.025052745850377794,0.6722001606377533,0.6342232332667311
0.42544094772365293,0.181,0.025036904768994096,0.6678357465048389,0.6321244309949928
0.4266145801540308,0.18199999999999997,0.024813443246469984,0.6725381246939943,0.6304511051873479
0.42778499272414877,0.18300000000000002,0.024737558993243206,0.665165557149229,0.6286984053080114
0.4289522117905443,0.184,0.024435820873126887,0.6661125135853805,0.6273821379035918
0.4301162633521313,0.185,0.024210514858361957,0.6708656675926573,0.6261824232433301
0.4312771730569565,0.18600000000000003,0.024154840562369634,0.6708782489681472,0.6239628831907581
0.43243496620879307,0.187,0.02436630270698749,0.6632333128746666,0.6212045881297916
0.433589667773576,0.188,0.024361523293444053,0.6633020685942798,0.6189842583584583
0.43474130238568315,0.189,0.023874884503134065,0.6646058709027769,0.6187194979841254
0.43588989435406733,0.18999999999999997,0.02401622559695837,0.662959344183317,0.6156981572270275
0.43703546766824314,0.191,0.023738715595891465,0.6645297209374565,0.614749464963441
0.4381780460041329,0.192,0.02336560932696512,0.6647710014956821,0.6139374285704539
0.4393176527297759,0.19299999999999998,0.022839168084652216,0.6687699968070219,0.6139241318476032
0.4404543109109048,0.194,0.022837939993603895,0.6690575748162443,0.6112789628731196
0.44158804331639234,0.195,0.0226196380646185,0.6667122925711497,0.6100465560878187
0.4427188724235731,0.196,0.022751676766525626,0.6650941445242263,0.6073211946290836
0.4438468204234429,0.19699999999999998,0.02249083435611388,0.6626217767015932,0.6060189129294001
0.4449719092257398,0.19800000000000004,0.022350745619775753,0.6653709207096977,0.6044828268154393
0.44609416046390926,0.19900000000000004,0.02221700924676599,0.6643143685439497,0.6025176939122745
0.4472135954999579,0.19999999999999998,0.021826055145254732,0.6653620362837243,0.6019738487591005
0.4483302354291979,0.20100000000000004,0.022000144875962146,0.6640045419226526,0.5990783035039644
0.44944410108488464,0.202,0.021754269881226473,0.663050233718283,0.5976972253090177
0.4505552130427524,0.203,0.02201409812831172,0.6598978159566912,0.5946663226996844
0.45166359162544856,0.20399999999999996,0.021562750874808707,0.6602566294086336,0.5941137987334835
0.4527692569068708,0.205,0.02132432833094865,0.6592330869968387,0.5929006385319071
0.4538722287164087,0.20600000000000002,0.020841176958353316,0.6685999528713736,0.5924135810654639
0.454972526643093,0.207,0.020675987360193642,0.6644811238112872,0.5907902078992529
0.45607017003965516,0.20799999999999996,0.020832956513677742,0.6629378284441312,0.5880418795701107
0.4571651780264984,0.209,0.020472943033374755,0.6649342255296138,0.5872647710184982
0.458257569495584,0.21,0.020677962371993916,0.6616146327808545,0.5840263156199491
0.4593473631142341,0.21100000000000002,0.020768350168655685,0.6596634234914109,0.5812967630256866
0.4604345773288535,0.212,0.020451582928022606,0.6584053611963501,0.5805031639555962
0.46151923036857306,0.21300000000000002,0.02018859335776627,0.6643906418849838,0.5793593676206995
0.4626013402488151,0.214,0.0199977809803966,0.6610427061870968,0.5778291644970752
0.4636809247747852,0.215,0.019828847468820538,0.6596062057730955,0.5761867311305052
0.46475800154489,0.21599999999999997,0.01953112563909326,0.6599625326039678,0.5753290340811238
0.4658325879540846,0.21699999999999997,0.01959718027949089,0.6620990512741611,0.5725377275686938
0.4669047011971501,0.21800000000000003,0.019527693697688062,0.6607189857101136,0.5709799089352751
0.4679743582719036,0.21899999999999997,0.01920804893544201,0.657204277885216,0.5698701354162774
0.469041575982343,0.22000000000000003,0.0191636613891907,0.6607516207289715,0.5679704803201668
0.47010637094172636,0.22100000000000003,0.01927948689256335,0.6605613952639217,0.5649823960949916
0.47116875957558985,0.22199999999999998,0.01880209213342666,0.6587583233779144,0.5649151993853901
0.4722287581247038,0.22299999999999998,0.018873582633407358,0.6555216294274341,0.562185397367343
0.4732863826479693,0.224,0.018500729477499863,0.6613234337455206,0.5615000320894861
0.4743416490252569,0.22499999999999998,0.018542357507859382,0.654833614890426,0.5591149063135923
0.4753945729601885,0.22599999999999998,0.018418487856049173,0.6575884498211769,0.5571000767242129
0.47644516998286385,0.22700000000000004,0.018301497974040563,0.658611119160029,0.555568682954681
0.4774934554525329,0.22800000000000004,0.01810529053546765,0.6592953099146363,0.5540826643770702
0.47853944456021597,0.229,0.017922776438752123,0.6583083192365222,0.5525333088697608
0.47958315233127197,0.23,0.017741853829583876,0.6580339872265203,0.5511480718653009
0.48062459362791665,0.231,0.017346635304945106,0.6608807664412834,0.5506575387749006
0.48166378315169184,0.232,0.017368225455821507,0.6595876746769812,0.5481670019277791
0.4827007354458868,0.233,0.017466952240572122,0.6554631055690214,0.5453809433013606
0.48373546489791297,0.23399999999999999,0.017053904223602537,0.6594029213939042,0.5450613998366635
0.4847679857416329,0.235,0.01694553548130154,0.6611892498443739,0.5432661920017722
0.48579831205964474,0.236,0.01687585356328467,0.6593019263051104,0.5412404961807642
0.4868264577855234,0.23700000000000002,0.016958667239916923,0.6550708209495388,0.5384789562291724
0.4878524367060187,0.23799999999999996,0.01668874484697114,0.6589003423513362,0.5375185807469347
0.48887626246321264,0.23899999999999996,0.016523403962976534,0.6612622663027976,0.5356609668505323
0.4898979485566356,0.24,0.01642241431162587,0.6594796096378167,0.5339174664690248
0.4909175083453431,0.241,0.01609857026546298,0.6548597890933887,0.533360856578088
0.4919349550499537,0.242,0.01613411933224429,0.6588162926217074,0.5307606521232896
0.4929503017546495,0.243,0.01593919594276838,0.6531261880412934,0.5292189980373319
0.4939635614091388,0.24400000000000002,0.01550723398653207,0.6629287202019563,0.529212014005804
0.4949747468305833,0.24500000000000002,0.01588004746138475,0.6558652009125879,0.5251343369855992
0.49598387070548977,0.246,0.015511995692576148,0.6588343358590865,0.5245992986174488
0.4969909455915671,0.247,0.015447070079477295,0.6589210934450765,0.5222275921800797
0.4979959839195493,0.248,0.015175221957414749,0.6603286915508164,0.5213427167101444
0.498998997994986,0.24900000000000003,0.015201946536073067,0.6558889626732305,0.5187766679171347
0.5,0.25,0.015148563086219015,0.6540158396515142,0.5167329793140283
0.5009990019950139,0.25099999999999995,0.01499456737487683,0.6577537392673148,0.5151015882658894
0.5019960159204453,0.25199999999999995,0.014833117902228157,0.6584104941635828,0.5136698191908633
0.5029910535983717,0.25300000000000006,0.014872434004071568,0.6525813012390614,0.5113017590934579
0.5039841267341661,0.25400000000000006,0.014494464552704488,0.6556002752870866,0.5106838947147622
0.5049752469181039,0.255,0.014246275879511928,0.6557388318104324,0.5098429053989468
0.5059644256269407,0.25599999999999995,0.014349991827190227,0.6536059638887898,0.5067326526250313
0.5069516742254631,0.257,0.014402039027279174,0.652602229081651,0.5040514784577667
0.5079370039680118,0.258,0.014033624926839777,0.6577052545862041,0.5037099361370433
0.5089204259999789,0.259,0.01402214048623593,0.652696732759761,0.5014424907387047
0.5099019513592785,0.26,0.014069131489337286,0.6514709667976173,0.4986733113769032
0.5108815909777921,0.261,0.013738774252728568,0.6550994644093576,0.4979732624388357
0.5118593556827891,0.26199999999999996,0.013747421700700417,0.6517290269966789,0.4954933276894416
0.5128352561983234,0.26299999999999996,0.013642199237191262,0.650765704074653,0.49367425553406574
0.5138093031466052,0.26400000000000007,0.013638576802133515,0.6525801667032324,0.4914307409567461
0.51478150704935,0.26499999999999996,0.013348200355529163,0.6523261328035902,0.4905058979640674
0.5157518783291051,0.266,0.01318437945579392,0.654993546148019,0.4889839995782867
0.5167204273105526,0.267,0.012945856178150996,0.6556441877816074,0.4877942563922722
0.5176871642217914,0.268,0.013117338385976056,0.6502745164190817,0.4846013853801716
0.5186520991955976,0.269,0.012738359234839233,0.6517876138927988,0.48423150540810583
0.5196152422706632,0.2700000000000001,0.01258213271641327,0.6581353755202569,0.4826864692062458
0.5205766033928149,0.2710000000000001,0.012637067251872755,0.6515878082627691,0.48008174303492107
0.521536192416212,0.2720000000000001,0.012543583037628914,0.6508807967693597,0.4781620415131816
0.5224940191045253,0.2730000000000001,0.012403976345210987,0.6479452337376559,0.4765356179483355
0.523450093132096,0.27399999999999997,0.012289642083717469,0.6514889043615598,0.47464295301032927
0.5244044240850758,0.275,0.012097653605577192,0.6566126205172765,0.4735101026123093
0.5253570214625479,0.276,0.012237057014227852,0.6503976167767546,0.47025859451797286
0.5263078946776307,0.277,0.011949267415697707,0.6513603231847251,0.4695506159803037
0.5272570530585627,0.278,0.011901341923800204,0.6532108532253069,0.46726557912391253
0.5282045058497703,0.279,0.011871013434462837,0.6477012600712573,0.46508550368969526
0.5291502622129182,0.28,0.011726273638212133,0.6500559088065708,0.46349398246614737
0.5300943312279429,0.2810000000000001,0.011664873291648744,0.6514081642812989,0.461387345796725
0.5310367218940701,0.282,0.011298934727885443,0.6527851997477174,0.46100160662854406
0.5319774431308154,0.2829999999999999,0.01130376725414675,0.6526022012943306,0.45864971448096203
0.532916503778969,0.2839999999999999,0.011233048626294472,0.6508856860774085,0.4567056871334058
0.5338539126015656,0.285,0.011015990084398932,0.6499535199152591,0.45560265410388956
0.5347896782848375,0.286,0.01092089457074027,0.6510998067248185,0.45374447072054047
0.5357238094391549,0.2869999999999999,0.010914021043026589,0.6516220846189156,0.45131639213472674
0.5366563145999496,0.28800000000000003,0.010754138686973091,0.6503561320662817,0.44967496916956823
0.5375872022286244,0.2889999999999999,0.010712098049082753,0.6497584182976841,0.44757725340324067
0.5385164807134504,0.29,0.010638917697144435,0.6489595155874608,0.44554623664385845
0.5394441583704471,0.29100000000000004,0.010409188341857773,0.6501590534268255,0.4444516089902434
0.5403702434442518,0.2919999999999999,0.01022984599559992,0.6517109209961218,0.4431969818533973
0.5412947441089743,0.2929999999999999,0.010221475604463985,0.6499473293796821,0.44057002840320575
0.5422176684690383,0.29399999999999993,0.010151746634496606,0.6485799809409158,0.43860344469886114
0.5431390245600107,0.29499999999999993,0.010097844535454889,0.6501277983722668,0.4368699981407321
0.5440588203494178,0.29600000000000004,0.00982594287122781,0.6525605607918956,0.43593749273235005
0.5449770637375485,0.297,0.009744283677548001,0.6527248463868378,0.43385608406947296
0.5458937625582472,0.29799999999999993,0.009723456340527974,0.6554643753728199,0.4316588223568736
0.5468089245796927,0.299,0.00970053648401093,0.6496989797273106,0.42916582379497586
0.5477225575051661,0.29999999999999993,0.009594582247521475,0.6516087304699569,0.4274819864351449
0.5486346689738081,0.301,0.009544449827555907,0.6484997483889079,0.4253397849437846
0.5495452665613635,0.30200000000000005,0.009267181264834752,0.6503513646691508,0.4247298048750755
0.5504543577809153,0.30299999999999994,0.009354351485701087,0.6451154334022665,0.42171060578327224
0.5513619500836089,0.304,0.00921746862739263,0.6504820834228399,0.420074886888905
0.552268050859363,0.305,0.009103734872533626,0.6477362090511349,0.4182297074413872
0.5531726674375732,0.30599999999999994,0.00904373450296203,0.6514584284280038,0.41614098190568977
0.5540758070878027,0.30699999999999994,0.00878466010344511,0.655222526976838,0.4154329996294768
0.5549774770204643,0.308,0.009004431532322492,0.6447335757089677,0.4113357198253844
0.5558776843874919,0.309,0.008965681740399923,0.6464528847986757,0.4090607231642637
0.5567764362830022,0.31000000000000005,0.008672130924028531,0.6467907821613142,0.40873956017180135
0.5576737397439474,0.311,0.008432309400301723,0.6487695135252174,0.4078813708129262
0.5585696017507576,0.312,0.008509414173914787,0.647986380422975,0.4046863381222532
0.5594640292279746,0.31299999999999994,0.008369072370942468,0.6471693118222228,0.40315447348257233
0.5603570290448759,0.31399999999999995,0.008246029658412476,0.6513513544550238,0.4017160647684425
0.5612486080160912,0.315,0.008344636350064686,0.645825831579354,0.3982985066802066
0.5621387729022078,0.31599999999999995,0.008190713062699157,0.6454819099257113,0.3968255987439098
0.5630275304103699,0.317,0.008013625532203148,0.6477057002551205,0.3957332143831216
0.5639148871948674,0.318,0.007851757336810764,0.6514137720016039,0.3943395441081605
0.5648008498577175,0.31899999999999995,0.007785960828550035,0.647626359743849,0.3923565130351793
0.565685424949238,0.32,0.007857292618944195,0.6450880696463772,0.3892731344086331
0.5665686189686118,0.321,0.007636280637525444,0.6499796598013388,0.38835699951763425
0.5674504383644443,0.322,0.007550146004514804,0.648371172672578,0.38629669321157495
0.5683308895353129,0.323,0.007416826701590298,0.6468879519222148,0.3849756541821651
0.5692099788303083,0.32400000000000007,0.00735470895162549,0.650131823733817,0.3826965353565044
0.570087712549569,0.32500000000000007,0.007359711667948573,0.6447717691220428,0.38029382533360734
0.5709640969448079,0.32599999999999996,0.007174024685001331,0.6514099268924651,0.3791118362778424
0.5718391382198319,0.327,0.007208761952914355,0.6413283101106568,0.37617569747539886
0.5727128425310541,0.328,0.007018006410660318,0.6490015224274803,0.37514097211140707
0.5735852159879995,0.329,0.006913326962505278,0.6486005097272793,0.3734151731962056
0.5744562646538028,0.32999999999999996,0.006811777047512076,0.6484718558191849,0.37181891597182504
0.575325994545701,0.33099999999999996,0.006849037453718383,0.6465084715994055,0.36880510268314
0.5761944116355173,0.33199999999999996,0.0068267097835126725,0.6427416864738277,0.3664445694249838
0.5770615218501404,0.333,0.006730103826425645,0.6438697399433073,0.3646626225917287
0.5779273310719956,0.33399999999999996,0.006507491062259091,0.6477073740225612,0.36382486629580724
0.5787918451395113,0.3350000000000001,0.006528988273037271,0.6423587831626167,0.3610979311450209
0.5796550698475775,0.33599999999999997,0.006296374930739146,0.652673955166152,0.36039160825574107
0.5805170109479997,0.33699999999999997,0.006226285459501584,0.6546758071164908,0.35842149772448306
0.5813776741499453,0.338,0.006267031270642889,0.6459733030064907,0.3555000259172041
0.5822370651203855,0.3390000000000001,0.006138770292594146,0.6470784473676268,0.35382942722127425
0.5830951894845301,0.3400000000000001,0.006082280010806466,0.64586037293253,0.35182892655162545
0.5839520528262573,0.34099999999999997,0.005937885845335452,0.6483870022997403,0.35053787915539253
0.5848076606885378,0.342,0.005952549574905706,0.6459472253394433,0.34782006925488834
0.5856620185738529,0.343,0.005957012154168561,0.6446398487655017,0.345158067657495
0.5865151319446071,0.3439999999999999,0.005871600758935202,0.6440421225531789,0.3430921717254707
0.5873670062235365,0.34500000000000003,0.0057356427489985064,0.6480106262511084,0.3418865943536125
0.5882176467941097,0.346,0.005630353833938849,0.6446032729619611,0.3400390474796637
0.5890670590009256,0.347,0.005552253478280686,0.645798654493436,0.33822322015932493
0.589915248150105,0.3479999999999999,0.005433392674019687,0.6477982184363585,0.33673406571667075
0.5907622195096771,0.3489999999999999,0.005454751854635584,0.6458076646404907,0.3338471523234617
0.5916079783099616,0.35,0.005338458276423084,0.6471447536694959,0.3322520702096781
0.5924525297439449,0.3509999999999999,0.005284290761144895,0.6449346966865505,0.3301402466428988
0.593295878967653,0.352,0.005128629188551923,0.6506786367167082,0.32883634976271736
0.5941380311005179,0.353,0.005097092835011034,0.6459362315783084,0.32656183600133937
0.5949789912257406,0.3539999999999999,0.005050039756848283,0.6502575942538471,0.324326848108538
0.5958187643906492,0.3549999999999999,0.005028102849214159,0.6470507364056722,0.32186855454854385
0.5966573556070519,0.356,0.004985842457071766,0.6392854135021339,0.31972031616243507
0.5974947698515862,0.357,0.004858771079715135,0.6468362882033339,0.3181358964628748
0.5983310120660636,0.358,0.004730032378235631,0.6485156115963341,0.31679941310071574
0.5991660871578097,0.35900000000000004,0.004747059503040986,0.6444620443315798,0.31398550268461867
0.6,0.36,0.004605170995278072,0.6485236358524743,0.3128005501073774
0.6008327554319921,0.36100000000000004,0.004616268706843652,0.6425556435362908,0.30986750010542363
0.6016643582596529,0.362,0.004457034087323239,0.6488915057987152,0.30897238098443675
0.6024948132556828,0.36300000000000004,0.0044215435626618884,0.643448664316682,0.30660143737799395
0.6033241251599343,0.36400000000000005,0.004359759517211763,0.6449037760380182,0.30456318027256996
0.6041522986797286,0.36500000000000005,0.004350500613602613,0.6451477368133235,0.3018170277325242
0.6049793384901669,0.366,0.0042680534417057735,0.6465094931060876,0.30018366575817174
0.6058052492344383,0.36699999999999994,0.004171179989954839,0.6449580552089704,0.29840039277403646
0.6066300355241241,0.36800000000000005,0.004176588570151623,0.64368729322561,0.2956896164482572
0.6074537019394977,0.36900000000000005,0.004113514103188385,0.6446660058768523,0.2935782768342842
0.6082762530298219,0.36999999999999994,0.004033292101153812,0.6455097408506887,0.29178615272912445
0.6090976933136424,0.37099999999999994,0.003964097577444943,0.6435413887216116,0.2898199090713207
0.6099180272790763,0.37200000000000005,0.003878599251167658,0.6450822830681047,0.28808418025543353
0.6107372593840988,0.37300000000000005,0.003848406919039158,0.6431328103904745,0.285703841180689
0.6115553940568262,0.374,0.0037635364390659434,0.6435161923097629,0.28388770680280506
0.6123724356957945,0.37499999999999994,0.0036409588116654607,0.6474677982130195,0.28274329862515113
0.6131883886702356,0.37599999999999995,0.0037114402309701973,0.6427787667161793,0.2790234636350196
0.6140032573203501,0.37700000000000006,0.0035893961749642244,0.6461278274835316,0.27780569380778297
0.6148170459575759,0.378,0.00350246458341763,0.6455213189605282,0.27610904425056637
0.6156297588648554,0.379,0.0034464547254327493,0.6469770086683057,0.27391458346696634
0.6164414002968976,0.38,0.003424720038873372,0.6407597679194034,0.2715408390390504
0.6172519744804386,0.38099999999999995,0.003321305496247053,0.6429455104820363,0.27001625536169976
0.6180614856144977,0.38199999999999995,0.0032666647421706425,0.644008411943356,0.26796107790224183
0.618869937870632,0.38299999999999995,0.003268579169178345,0.644515455814144,0.2650550055837455
0.6196773353931867,0.384,0.0031676313839159725,0.6435831082381955,0.26366931881472
0.6204836822995429,0.38500000000000006,0.0031076261608737263,0.641944942852212,0.26160004250096436
0.6212889826803627,0.386,0.0030684864647701217,0.6421021825634774,0.25933949148783797
0.6220932405998316,0.387,0.003043959867301041,0.6392446923985955,0.2570072783891133
0.6228964600958975,0.388,0.0029722621144489263,0.6469497970271116,0.25495732471140825
0.623698645180507,0.38899999999999996,0.002897762776176626,0.6410698216140424,0.25325574117946564
0.6244997998398398,0.39,0.002880047550333505,0.6435591526105972,0.25066032147122214
0.6252999280345393,0.39099999999999996,0.002778361720297263,0.6480435047934056,0.24924936376611936
0.6260990336999411,0.392,0.002751624920344085,0.6467324224965149,0.2468413561669305
0.6268971207462992,0.39300000000000007,0.00269867424725972,0.643436433207947,0.24472756514423055
0.6276941930590086,0.394,0.0026952199717917655,0.6381736988793443,0.241969700386731
0.6284902544988268,0.3950000000000001,0.0026414156738620853,0.6437955384976769,0.23987768732038417
0.6292853089020909,0.39599999999999996,0.0025805761767991988,0.6418802367370591,0.23789286407271423
0.6300793600809346,0.397,0.002493007468265537,0.6441988263582571,0.2363451648826092
0.6308724118235002,0.398,0.002499659800001112,0.6405690640192624,0.2334861468734455
0.6316644678941503,0.3990000000000001,0.0024349657576913397,0.6410742396727205,0.23158766067135533
0.6324555320336759,0.4,0.002387170101726904,0.6399218316342388,0.22951441686298482
0.6332456079595026,0.401,0.002330534652884043,0.6403648480814039,0.2275179555927453
0.6340346993658943,0.40199999999999997,0.002258859190591995,0.6432408427320826,0.2256633426822915
0.6348228099241552,0.4030000000000001,0.0022259121995510593,0.6441500148832193,0.22340066906250977
0.6356099432828282,0.404,0.0021921499243474536,0.6410096350802225,0.2212362026081215
0.6363961030678927,0.40499999999999997,0.0021457599412435737,0.6411509200998886,0.2189877654990665
0.6371812928829597,0.406,0.00205201304039338,0.6506135934548855,0.21762137386006103
0.6379655163094632,0.4069999999999999,0.0020781985665403015,0.6407481938537728,0.21431513250527714
0.6387487769068525,0.40800000000000003,0.002004148895840325,0.6438205176633038,0.21272651747586446
0.6395310782127792,0.4089999999999999,0.0019626869966545423,0.6433419392574621,0.21050685434513766
0.6403124237432849,0.41000000000000003,0.001915358373506486,0.6432149186372684,0.20848515552983446
0.6410928169929843,0.41100000000000003,0.001868201151717893,0.6453209395488492,0.20639651382289603
0.6418722614352484,0.4119999999999999,0.0018210550008338395,0.6435619030200285,0.20436569823885942
0.6426507605223851,0.413,0.0018050067435659842,0.6403840572798618,0.20169850730313102
0.6434283176858164,0.4139999999999999,0.001767450972492425,0.6402526956403893,0.19939622727427367
0.6442049363362563,0.41500000000000004,0.00169365288126323,0.6422149727391923,0.19787212022251938
0.644980619863884,0.41600000000000004,0.001656703806577057,0.6412919496663346,0.19561541171153188
0.6457553716385176,0.417,0.0015953964843216414,0.649291581332061,0.19392984861012805
0.6465291950097846,0.41800000000000004,0.0015808525656737583,0.642578885100727,0.191250031845544
0.6473020933072903,0.41899999999999993,0.0015644265316237425,0.6356322383529625,0.18863218136898044
0.648074069840786,0.41999999999999993,0.001524761277441147,0.639471918473976,0.1864910765166257
0.6488451279003333,0.42099999999999993,0.0014610967852061786,0.64339181684755,0.1847893419973575
0.6496152707564686,0.42200000000000004,0.001462652658922497,0.6369493348723496,0.18177783945328652
0.650384501660364,0.423,0.001406290076846445,0.6418948464023583,0.18001766446346532
0.6511528238439882,0.42399999999999993,0.0013577911025705134,0.6424840975520627,0.17806077287890668
0.6519202405202649,0.425,0.001322816983893557,0.6427349564312018,0.1758973012274747
0.6526867548832288,0.426,0.0012909463276806318,0.6415675751128787,0.17353049388218733
0.6534523701081816,0.42699999999999994,0.001273922238580373,0.638807195681086,0.17101147620286117
0.6542170893518451,0.42800000000000005,0.0012299071880890159,0.6372274860000242,0.16905178822972655
0.6549809157525126,0.429,0.0011799759762835768,0.6443428288832829,0.16715575172620983
0.6557438524302001,0.43,0.0011427066339012863,0.6448238079482415,0.16504714062821763
0.6565059024867941,0.431,0.0011217888691834742,0.642178752694117,0.16256605124632093
0.6572670690061994,0.43200000000000005,0.0010883658448491741,0.6435936743284987,0.1603612332625427
0.6580273550544841,0.43300000000000005,0.001053944109320428,0.6409019548710662,0.15813808521540768
0.6587867636800242,0.43400000000000005,0.0010272789090868756,0.6426102409785815,0.1558560192734771
0.6595452979136459,0.43499999999999994,0.000986426670410582,0.6428663178324729,0.15382681175030577
0.6603029607687672,0.43600000000000005,0.0009674028185026886,0.6384468076388815,0.15125067468338838
0.6610597552415364,0.437,0.0009543632678012488,0.6358205670502329,0.1486049404736748
0.6618156843109719,0.43800000000000006,0.0009023274526982402,0.6427979345417998,0.14693607541537945
0.6625707509390978,0.43899999999999995,0.0008669996313523079,0.6430329894416363,0.14487191354145798
0.6633249580710799,0.43999999999999995,0.0008383743159252915,0.6441131503021695,0.14263600244577282
0.6640783086353597,0.441,0.0008223944466087027,0.6417378313631551,0.13998801097169855
0.6648308055437865,0.44200000000000006,0.0007883833151765598,0.6402835316711003,0.13796176440760916
0.6655824516917495,0.443,0.0007550081643198066,0.6466879131554913,0.13584342799727914
0.6663332499583072,0.44399999999999995,0.0007241570588674382,0.645924025347867,0.13373814408107682
0.6670832032063166,0.44499999999999995,0.0007118539453832137,0.6410536827517352,0.13099845039132935
0.66783231428256,0.44599999999999995,0.0006906093895651118,0.6396693341321131,0.12860559105239172
0.6685805860178712,0.44700000000000006,0.0006605614881757765,0.6431558265881555,0.12647635671019233
0.6693280212272604,0.448,0.0006291785212259582,0.6443868511122518,0.12443596952800945
0.6700746227100381,0.44899999999999995,0.0006166846796002172,0.6428755509218821,0.12176055388057859
0.6708203932499369,0.45,0.0005912634868788425,0.6388531241951549,0.11954466381848405
0.6715653356152326,0.45099999999999996,0.000567166631267933,0.6428010666717003,0.11724869374699838
0.6723094525588644,0.45199999999999996,0.0005383535163311072,0.6415174313967255,0.11515261433577835
0.6730527468185536,0.45300000000000007,0.0005169906275832442,0.6441522290252384,0.11280807540963526
0.6737952211169207,0.45400000000000007,0.0004957590555742415,0.6422382384280859,0.1104679661086895
0.6745368781616021,0.45500000000000007,0.00047632167506544526,0.6414659398087966,0.10808977594661785
0.6752777206453653,0.456,0.00045517532119862287,0.6416894558318825,0.1057873082394884
0.6760177512462229,0.4570000000000001,0.0004337206318768541,0.6417057810357081,0.10353671806963156
0.6767569726275452,0.45799999999999996,0.0004198153114112337,0.6378304790763709,0.10097790841765927
0.677495387438173,0.4590000000000001,0.0003945868213632771,0.6410999873421752,0.09885696360288812
0.6782329983125268,0.46,0.00037421499031572883,0.6395730976653278,0.09657243602805506
0.6789698078707183,0.4610000000000001,0.0003545069495608081,0.6426871362388408,0.0942420515775433
0.6797058187186572,0.4620000000000001,0.0003401626606138391,0.6406363260938378,0.09181319817151698
0.68044103344816,0.46299999999999997,0.0003196618677057531,0.6427550920800325,0.08958254664574632
0.6811754546370561,0.4640000000000001,0.0003068304286157483,0.6416494792677099,0.08704190518792874
0.6819090848492928,0.465,0.00029218981379500197,0.6394989550528232,0.08455838713356328
0.6826419266350405,0.4660000000000001,0.0002728503536260817,0.6402553058971641,0.08238257478924844
0.6833739825307955,0.467,0.00025106791542698915,0.6475192072994234,0.0803321082286939
0.6841052550594828,0.4680000000000001,0.000240679801200165,0.6397287169270215,0.0777386425438338
0.6848357467305572,0.469,0.00022529470667862872,0.645269067352619,0.07536678355237082
0.6855654600401044,0.47000000000000003,0.00021309336331025346,0.6422454989214902,0.07286056419055692
0.6862943974709396,0.471,0.00019559359858356193,0.6430959233132542,0.07072828927676093
0.6870225614927067,0.4719999999999999,0.0001828422463105756,0.6444505872276114,0.06831033774252525
0.687749954561976,0.473,0.00017095973497776226,0.6429768721598974,0.06589927857632494
0.6884765791223402,0.4739999999999999,0.00015814393574765722,0.6427315547001097,0.06352865469227546
0.689202437604511,0.475,0.00014940113715874767,0.6358468941758739,0.060906269655034984
0.6899275324264136,0.476,0.00013339314379391448,0.644184864886439,0.05882443687522775
0.6906518659932803,0.47700000000000004,0.00012350278525424674,0.6416666363572757,0.056358878356230956
0.6913754406977441,0.4779999999999999,0.00011422286218489175,0.6404121058044299,0.05384243812799525
0.692098258919931,0.4789999999999999,0.0001049036250151552,0.6386509397863498,0.05136741856031963
0.6928203230275509,0.48,9.377150401952611e-05,0.6449715084426977,0.049095195255933
0.6935416353759881,0.48100000000000004,8.47476700998851e-05,0.6448445730077691,0.04666679677762247
0.6942621983083913,0.48200000000000004,7.526903421000596e-05,0.6441341096248104,0.04432436826512411
0.6949820141557621,0.48299999999999993,6.788569554862788e-05,0.6430152439761356,0.04181515897074455
0.6957010852370434,0.484,5.972312292122022e-05,0.6427421633222289,0.03944506659084401
0.6964194138592059,0.48499999999999993,5.330761193922157e-05,0.640934392361523,0.03689432497508366
0.697137002317335,0.48599999999999993,4.6552993451867555e-05,0.6387458365376106,0.034467810255018876
0.697853852894716,0.48699999999999993,3.967373066210516e-05,0.639787140183018,0.03210992870719941
0.6985699678629192,0.48800000000000004,3.4005279600338634e-05,0.6386673262719355,0.029628848183931696
0.6992853494818835,0.48899999999999993,2.83743031390158e-05,0.6440198687936599,0.02721320899368904
0.7,0.48999999999999994,2.3537442567279443e-05,0.6397888811293254,0.024746294841712032
0.700713921654194,0.49099999999999994,1.8864912422380178e-05,0.6416461075715492,0.022320375017990318
0.7014271166700072,0.49199999999999994,1.5045720325417878e-05,0.6375270583445611,0.019839780782356854
0.7021395872616784,0.49300000000000005,1.1513369753889424e-05,0.6433493673064945,0.017372534624933034
0.7028513356322231,0.49399999999999994,8.516312819483553e-06,0.6435224886052031,0.014885719838831584
0.7035623639735145,0.49500000000000005,6.024431365333793e-06,0.6294351843386686,0.012378286669732256
0.7042726744663603,0.49599999999999994,3.740122153710457e-06,0.6395732407844303,0.009957899544864575
0.7049822692805827,0.49700000000000005,2.0769659995552582e-06,0.6455139590454567,0.007493478393277958
0.705691150575094,0.498,9.329329318635838e-07,0.6393835430202582,0.004991628708474735
0.7063993204979744,0.49899999999999994,2.354657726215126e-07,0.641987637338115,0.0024930297608833844
0.7071067811865476,0.5000000000000001,2.1195267763118864e-16,0.6400153196980756,0.0
0.7078135347674556,0.501,2.3611698869014932e-07,0.6401829458263447,0.0024928587865950497
0.708519583356734,0.502,9.492952423432955e-07,0.6363367971322302,0.004975827011704279
0.7092249290598858,0.503,2.138101102665402e-06,0.6416980502177897,0.0074552598640046245
0.7099295739719539,0.5039999999999999,3.7215471107562406e-06,0.6433734006451269,0.009966600302838188
0.7106335201775947,0.5049999999999999,5.9113026936740925e-06,0.6398790025647488,0.012415580377052043
0.7113367697511496,0.506,8.547291542204538e-06,0.6371749729943319,0.0148750494746763
0.7120393247567159,0.507,1.1479249241120716e-05,0.6398036819776688,0.01737846320463008
0.7127411872482184,0.508,1.5096303173532012e-05,0.6427441148357093,0.01981701883172145
0.7134423592694787,0.509,1.9388109881524118e-05,0.6357163770584866,0.0222159456199803
0.714142842854285,0.51,2.3751062893120958e-05,0.6367793982174361,0.0247064061773083
0.7148426400264607,0.5110000000000001,2.863681323721461e-05,0.639200511457165,0.02716303385072706
0.7155417527999327,0.512,3.3884451559454145e-05,0.6368197385596376,0.02963100313311913
0.7162401831787993,0.513,3.92291671298484e-05,0.6421996885875804,0.03215504043508057
0.7169379331573968,0.514,4.592159485734846e-05,0.6411231683443037,0.03454341804827686
0.7176350047203662,0.515,5.3375277818607986e-05,0.6404364711101123,0.03689782489473241
0.7183313998427189,0.516,6.041362275125545e-05,0.6421174957455804,0.03937292803034867
0.719027120489902,0.5170000000000001,6.786391338940732e-05,0.6433629388898717,0.04181385450131586
0.7197221686178633,0.518,7.647665511378302e-05,0.6408343567997025,0.04420628277241614
0.720416546173115,0.5189999999999999,8.503343167716718e-05,0.6405487105200853,0.04662424900115069
0.7211102550927979,0.5200000000000001,9.337450906356397e-05,0.642774786178301,0.04911567277392971
0.7218032973047436,0.521,0.00010386058896630988,0.641201027118651,0.05145487916269202
0.7224956747275377,0.522,0.00011430663194045465,0.6418459000672737,0.053830935222700875
0.7231873892705818,0.523,0.00012483973040082436,0.6385125665634022,0.05624352576214716
0.7238784428341544,0.5240000000000001,0.0001356497143681395,0.6388926512457646,0.05866165534184438
0.724568837309472,0.525,0.00014662567710713758,0.6381495668090212,0.061091829058984186
0.7252585745787499,0.5260000000000001,0.00015688384529981403,0.6443344820401115,0.06360300260337122
0.7259476565152615,0.5270000000000001,0.00017315107962601086,0.6394655318841427,0.06570550489846551
0.726636084983398,0.528,0.00018426796766349767,0.6382973814391523,0.06822667464899261
0.7273238618387272,0.5289999999999999,0.0001966618741392783,0.6442102876066665,0.07064876425008694
0.7280109889280518,0.53,0.0002120710731159353,0.6424882821321162,0.07296179615173443
0.7286974680894672,0.5310000000000001,0.00022559247171899304,0.6454796182650399,0.07534000534991836
0.7293833011524188,0.532,0.00023771636951103254,0.6423818333807266,0.0778801710868259
0.7300684899377592,0.533,0.0002570617755602329,0.6399535930344695,0.08003348845340122
0.7307530362578044,0.534,0.00027079096267611024,0.6432674575775889,0.08250106528817383
0.7314369419163897,0.5350000000000001,0.0002890077792283733,0.6422303580520473,0.08473507065933024
0.7321202087089251,0.5360000000000001,0.0003021536803774619,0.6407954968181809,0.08727764185978996
0.7328028384224504,0.537,0.00031966353449593154,0.6459559316953908,0.08956978044017032
0.73348483283569,0.5380000000000001,0.00034557231615529833,0.6366311866863217,0.09152741071345125
0.7341661937191061,0.539,0.0003584593763465458,0.6410977691835289,0.09412837713386452
0.7348469228349535,0.54,0.0003770108984443231,0.645158608071827,0.09647565369732286
0.7355270219373317,0.5409999999999999,0.0003972190972608403,0.6342203616822331,0.09871447557840607
0.7362064927722385,0.542,0.00042246914346941584,0.6370890487950063,0.10082859477373936
0.7368853370776216,0.543,0.00043145356286367715,0.6446496828016302,0.10361142335904312
0.737563556583431,0.544,0.000447653498212361,0.6431229330196144,0.10608921243368827
0.73824115301167,0.545,0.00047270059895804017,0.641327801961944,0.1082552004493977
0.7389181280764466,0.546,0.0004954614855335222,0.6425999133452834,0.11049785228016865
0.7395944834840239,0.5470000000000002,0.0005158024437840891,0.6459226311847478,0.1128700395373207
0.7402702209328699,0.5479999999999999,0.0005452581513709441,0.6385868623073624,0.11493132664623841
0.7409453421137082,0.5490000000000002,0.0005646617720451219,0.6377008784659911,0.1173168213565298
0.7416198487095663,0.55,0.0005839842050819623,0.6413350381890054,0.1197787367542421
0.7422937423958255,0.551,0.0006157420890176365,0.6379008323567646,0.12178738324834167
0.7429670248402684,0.552,0.0006297543474052958,0.6435776730871272,0.12439866887601697
0.7436396977031283,0.553,0.0006560405468870884,0.6438957259405086,0.1266358317300541
0.7443117626371358,0.554,0.0006913974547199953,0.6418244778378607,0.12855069734109248
0.744983221287567,0.555,0.0007014952994941572,0.6432346389931894,0.13134698551962262
0.74565407529229,0.556,0.0007448908784260406,0.6389527231191197,0.13309464375092483
0.7463243262818117,0.557,0.0007638778600137008,0.6390722861740351,0.13561559281337177
0.7469939758793239,0.5579999999999999,0.0007990082493680283,0.6409238895398411,0.13762523441828262
0.7476630257007498,0.559,0.0008255272038948738,0.6360463559919415,0.1398786591799211
0.7483314773547883,0.56,0.0008552686266878899,0.6377786433416254,0.14224073437637677
0.7489993324429602,0.561,0.0008659631659287776,0.6457824460772634,0.14493462638393378
0.7496665925596525,0.562,0.0009051902063124855,0.6417869330593614,0.1468588880573558
0.7503332592921628,0.563,0.0009286348787807192,0.6436047024584737,0.14924606856059733
0.7509993342207435,0.564,0.0009605753627989819,0.6447802534395248,0.15147724372243018
0.7516648189186453,0.5649999999999998,0.0009885062745562776,0.6419871021896794,0.15376205412587096
0.752329714952161,0.566,0.0010218307066758672,0.6431529049930851,0.15598158832720743
0.7529940238806679,0.567,0.001064966121828216,0.6402525710932567,0.1578976258770346
0.7536577472566709,0.5680000000000001,0.0010822156178443478,0.6397635948688487,0.16049947423067745
0.7543208866258444,0.569,0.001125900470900472,0.6420512254616383,0.162431913916658
0.7549834435270749,0.57,0.0011510925216269346,0.6388707546261234,0.1648325914110109
0.7556454194925024,0.571,0.0011935117636147703,0.6410191019666637,0.16679257320794796
0.7563068160475614,0.572,0.0012268692338828018,0.6425321147616483,0.16906301599378593
0.7569676347110225,0.573,0.0012534647870707772,0.6440993174098826,0.17147058411635008
0.7576278769950324,0.574,0.0012742974349116787,0.6441609515289369,0.17398248652599738
0.758287544405155,0.575,0.0013524742304957106,0.6370954083639268,0.17520121452059403
0.758946638440411,0.576,0.0013985035100071515,0.6348304082776335,0.17720924306316316
0.7596051605933177,0.5770000000000001,0.0014170766614154432,0.6405765460804415,0.17978266022425834
0.7602631123499285,0.578,0.0014449396878279753,0.643755128693033,0.18220290318784266
0.7609204951898719,0.579,0.0014783565558299024,0.6450697880599255,0.18437827506873197
0.7615773105863908,0.58,0.0014828254152624556,0.6497118029279374,0.1873217256933541
0.7622335600063802,0.581,0.0015489753931487923,0.6455383550067002,0.1889838408132017
0.762889244910426,0.582,0.0015857447970846132,0.6444172559724216,0.19114223824066257
0.763544366752843,0.583,0.0016272391539318503,0.6425330459279444,0.19330891589619167
0.764198926981712,0.584,0.0016698568736087502,0.6393014448252786,0.1954338081853464
0.7648529270389177,0.585,0.0016735149788840414,0.6482022353497953,0.19827343600488137
0.7655063683601855,0.586,0.0017469134945100387,0.6407068996067187,0.19985041292023267
0.7661592523751182,0.587,0.0017796324155705588,0.646449473973506,0.20209822747269449
0.7668115805072325,0.588,0.001809347138816551,0.6413957164737258,0.20457989648404612
0.7674633541739957,0.589,0.001860856120523554,0.6429745823505895,0.20641364960038291
0.7681145747868608,0.5900000000000001,0.0018721650191119556,0.6455623140300336,0.20922899088342442
0.7687652437513027,0.5909999999999999,0.0019533899364355457,0.6435109284829336,0.21070643613830026
0.7694153624668538,0.5920000000000001,0.0019760424602885246,0.6446416877757937,0.21317002641463467
0.7700649323271382,0.593,0.002050331293609281,0.6405077972104027,0.21479628923836538
0.7707139547199077,0.5939999999999999,0.002093814723355384,0.6402543941021223,0.21699902000116786
0.7713624310270756,0.595,0.002131419483793238,0.6421064908905707,0.21918405073828356
0.7720103626247513,0.596,0.0021881220740551485,0.6438378518197437,0.22115738763918724
0.7726577508832743,0.5969999999999999,0.0022273197566537745,0.6417659462143163,0.22343589206838146
0.7733045971672482,0.598,0.0022581881139476442,0.6423049868626456,0.2258361211260864
0.7739509028355739,0.599,0.0023099992907412,0.6447588900708404,0.22792013809463305
0.7745966692414834,0.6000000000000001,0.0023493120807876536,0.6477525106785129,0.23005906483841873
0.7752418977325722,0.601,0.002391122455720035,0.6467164996983449,0.232245418242713
0.7758865896508329,0.602,0.0024539160183251517,0.6403917259744093,0.23416215684775835
0.776530746332687,0.603,0.002508854872695003,0.6422955916958011,0.2361953068003892
0.7771743691090179,0.6040000000000001,0.0025761948166670027,0.6409741752272695,0.23800560599220624
0.7778174593052023,0.605,0.0026231368896470595,0.6436530558196619,0.24015765089514857
0.7784600182411425,0.606,0.0026717981072346096,0.6428482371244577,0.24226777286055973
0.7791020472312982,0.607,0.002699739366177962,0.6450120869875585,0.2447916358619977
0.7797435475847171,0.608,0.0027776418059294824,0.6423833999025218,0.24639238235370017
0.7803845206050668,0.6089999999999999,0.002800434582310022,0.6445166885485565,0.2489775168859905
0.7810249675906654,0.61,0.0028635372305868276,0.6452672681386367,0.2509022136008104
0.7816648898345121,0.611,0.0029136295768149214,0.6430500127174205,0.2530685706392465
0.7823042886243179,0.6120000000000001,0.0029618350409389748,0.6436305771077951,0.2552158240759263
0.7829431652425354,0.6130000000000001,0.003021687331085377,0.6437178571830416,0.2571225099531695
0.7835815209663893,0.6140000000000001,0.0030762771380984837,0.6444869092739606,0.2593022078394096
0.7842193570679061,0.6150000000000001,0.003168189103098896,0.6396568799144792,0.26080666590235063
0.7848566748139434,0.6160000000000001,0.00321314912409991,0.6386042046716547,0.2630775351873636
0.7854934754662193,0.617,0.0032280713721549205,0.6435320548614841,0.2656041161312463
0.7861297602813418,0.618,0.00331922255329499,0.6400740910632121,0.2671447998690673
0.7867655305108378,0.619,0.003384035690651184,0.6416342829688854,0.26928893765729384
0.7874007874011811,0.6200000000000001,0.0034032346918674225,0.6452464503023488,0.2718555296544825
0.7880355321938218,0.621,0.0034196910959848554,0.6490237058284621,0.274277722579647
0.7886697661252141,0.6219999999999999,0.0035552471355880535,0.6390628123132864,0.2754099741156326
0.7893034904268447,0.6230000000000001,0.003593701458572028,0.6433906649217782,0.27771165633509065
0.7899367063252599,0.6239999999999999,0.0036426365836446425,0.6463282749311845,0.27979765208610496
0.7905694150420949,0.6250000000000001,0.003705132406597863,0.6409520449064973,0.28191576965351445
0.7912016177940993,0.6259999999999999,0.00369871306491065,0.6486939123438961,0.2847419104783153
0.7918333157931662,0.627,0.0038273280165917424,0.6442449186700313,0.2859051116048907
0.792464510246358,0.628,0.0038694149915783904,0.6427979209468675,0.2882549409309333
0.7930952023559341,0.6290000000000001,0.003935251993625558,0.6423516447696007,0.29021654482624953
0.7937253933193772,0.63,0.003985262509436851,0.6439330544176605,0.2923862917701245
0.79435508432942,0.631,0.004040962760990502,0.6492479062589664,0.2944184695306625
0.7949842765740717,0.6320000000000001,0.004110440664226749,0.6447901853339121,0.296360869026123
0.7956129712366434,0.633,0.004149728212315492,0.6480783904039485,0.2986000542352827
0.7962411694957753,0.6339999999999999,0.004276329550903179,0.643277044500956,0.300077930604194
0.7968688725254613,0.635,0.004324808247926004,0.6482306502090911,0.30224108473920985
0.7974960814950754,0.636,0.004458524318150977,0.6400638731706239,0.30346095459940853
0.7981227975693966,0.6370000000000001,0.004448990479746533,0.644998487838424,0.30636569396052127
0.7987490219086343,0.6379999999999999,0.004544217431114388,0.6460676270397793,0.3079875492634862
0.7993747556684537,0.6390000000000001,0.004554731645459748,0.6461661901322758,0.3105924219083939
0.8,0.6400000000000001,0.004656147802334666,0.6463361058620595,0.3122868527426863
0.8006247560499238,0.641,0.0048221204589729725,0.640799376542176,0.31313737693939814
0.8012490249604052,0.642,0.00478719373523162,0.6439872954086125,0.31636032908867473
0.8018728078691783,0.643,0.004885813157478633,0.6469112105209947,0.31790290166053425
0.8024961059095552,0.6440000000000001,0.004908515561770894,0.6469759497749954,0.3204156599338318
0.8031189202104505,0.645,0.005008745431155006,0.641492483976114,0.3220490022796383
0.8037412518964048,0.646,0.005133772881330027,0.6428010543611407,0.32339730199738426
0.8043631020876082,0.647,0.005154639177168158,0.6482320982412201,0.3259471802380142
0.8049844718999243,0.648,0.005264604464424616,0.6446047683399886,0.3275249177112442
0.8056053624449132,0.649,0.005274691522050304,0.6474424030658248,0.3301805676635549
0.806225774829855,0.6500000000000001,0.005309641456880941,0.6457658100764456,0.33238103852901857
0.8068457101577724,0.651,0.005452153631965689,0.6441133991854283,0.333764924414535
0.807465169527454,0.6519999999999999,0.005485330808543473,0.6453196272788193,0.3361131947303007
0.8080841540334769,0.653,0.005631017971270715,0.6476522037627992,0.33749915105432976
0.8087026647662292,0.6540000000000001,0.005675949739452847,0.6421628359412335,0.339647180297888
0.8093207028119322,0.6549999999999999,0.005654442097153969,0.64999461341097,0.34249523240193586
0.8099382692526635,0.6560000000000001,0.005850755053524215,0.643706447409277,0.3434086971143643
0.8105553651663778,0.6570000000000001,0.005996852217808321,0.6443600820827542,0.3445855877408228
0.8111719916269299,0.658,0.005926742420376024,0.6470645521859056,0.3478901865218486
0.8117881497040962,0.659,0.00597915611583669,0.6443769115170529,0.350144789889131
0.812403840463596,0.66,0.006024707901126514,0.6504071231505891,0.3522161825791044
0.8130190649671138,0.661,0.006236052394257151,0.6450894964207378,0.3530738045974465
0.8136338242723197,0.6619999999999999,0.0062171446039857815,0.6460967816013359,0.3559566052875723
0.8142481194328913,0.663,0.0063290201243391105,0.6482041346970198,0.35758526281273056
0.8148619514985346,0.6640000000000001,0.006287475136723206,0.649966691560238,0.3605032359624712
0.8154753215150046,0.665,0.006474372301014896,0.6482847066660433,0.3615417628564199
0.8160882305241266,0.666,0.006596627295372602,0.6506258364788827,0.36294649526564066
0.8167006795638168,0.6670000000000001,0.006714649147762925,0.6448852624800196,0.3648254514774122
0.817312669668102,0.668,0.0067424299725720475,0.6454644030388719,0.3669335716666138
0.8179242018671412,0.6689999999999999,0.00675662888038176,0.6489067291512399,0.36961537986393617
0.8185352771872451,0.6700000000000002,0.006924874355267696,0.6461976837312977,0.3708476978460051
0.8191458966508958,0.671,0.007062803532734501,0.6424644741998589,0.37213473478591796
0.8197560612767679,0.672,0.007097169874276381,0.6442696910818249,0.3746348472336826
0.8203657720797474,0.673,0.00712911526715963,0.6473262071908576,0.3769128673172665
0.8209750300709517,0.6740000000000002,0.007195304862453374,0.6493300145178755,0.3788417425217589
0.8215838362577492,0.675,0.007249770804100588,0.6493177093202022,0.38116093559859704
0.8221921916437787,0.676,0.007356408682820956,0.6494193690098209,0.3828042370481242
0.8228000972289685,0.677,0.007438878705317355,0.6490337153719287,0.3848419399057873
0.8234075540095561,0.678,0.007497002472774015,0.6463017864457031,0.3868678787131725
0.8240145629781066,0.679,0.007566723759369025,0.6522922231653963,0.3889829660924567
0.8246211251235321,0.68,0.007720926247101419,0.6477159671720937,0.39035922154490355
0.8252272414311104,0.6810000000000002,0.007803301042144774,0.6491541272106911,0.392166823651641
0.8258329128825032,0.682,0.00794661429541767,0.6460524622682844,0.39360525322245665
0.8264381404557755,0.683,0.008096292946538502,0.6459081965841872,0.39498595458310953
0.8270429251254133,0.684,0.008006077650421835,0.6493818930864043,0.3982752009877097
0.8276472678623424,0.685,0.008193063163708202,0.6470794145912035,0.3995380942159246
0.8282511696339463,0.686,0.008174359060086511,0.6497783606446754,0.4020669244859767
0.8288546314040841,0.6870000000000002,0.008393161854016565,0.6471248548668598,0.40313550144413796
0.8294576541331088,0.688,0.008343491628164995,0.6524882050414591,0.4059756172834802
0.8300602387778853,0.689,0.00849851225447064,0.6449375648421213,0.40738264142272623
0.8306623862918074,0.69,0.008613175855264794,0.6496557263808044,0.40915204276503536
0.8312640976248162,0.6910000000000001,0.00862598393970884,0.6532774816235682,0.4115438304650953
0.8318653737234168,0.692,0.008875414116048173,0.649523052735829,0.41221301418729434
0.8324662155306964,0.693,0.008985903770651215,0.649401166254779,0.4140360629669445
0.8330666239863411,0.6939999999999998,0.008940899740163691,0.6499144026885938,0.4169322505255828
0.8336666000266533,0.6949999999999998,0.00910834833719112,0.6516169949680007,0.41831208498459027
0.8342661445845684,0.696,0.00909402683689576,0.6521903877239853,0.4209562450920776
0.8348652585896721,0.6970000000000001,0.009223307793296455,0.6511656635641311,0.42243955257914967
0.8354639429682169,0.698,0.009346432604435536,0.6529408109509824,0.4242632747353781
0.8360621986431392,0.6990000000000001,0.009569441234664184,0.6469819316049534,0.42525911297536295
0.8366600265340756,0.7000000000000001,0.009697222835159204,0.6480067704546324,0.42679243918135934
0.8372574275573791,0.7009999999999998,0.00958963159946177,0.6515803147550117,0.4299648601574716
0.8378544026261364,0.702,0.00985870992766482,0.6488037875396473,0.43068654076628793
0.8384509526501833,0.703,0.009846020273610282,0.6493258249001946,0.4331948441234326
0.8390470785361213,0.7040000000000001,0.009961410897518546,0.6520700519960564,0.4349927125719644
0.8396427811873333,0.705,0.010055083572503154,0.6480896685260406,0.4370766739232432
0.8402380615040002,0.706,0.010205355936620853,0.6507030593305841,0.4383360590562351
0.8408329203831163,0.707,0.010258658353550321,0.64928319101001,0.4406708495046468
0.8414273587185052,0.708,0.01045761933775369,0.6513095859755906,0.44177503983097033
0.8420213774008354,0.7090000000000001,0.010521355484419808,0.6478894363414729,0.44376359830861667
0.8426149773176358,0.7099999999999999,0.010550302862516849,0.6531218655774884,0.44622931480115646
0.8432081593533117,0.711,0.010588367931305399,0.6549985405320996,0.4482133807900945
0.8438009243891594,0.712,0.010698002158514642,0.6551448801335122,0.4500273227964407
0.844393273303382,0.713,0.011169061109937562,0.6469309592520789,0.449624750955576
0.8449852069711044,0.7140000000000001,0.010830488102194372,0.6546199110496369,0.45430322075444063
0.8455767262643882,0.7150000000000001,0.01108835223343564,0.6555952990869692,0.45498193125333225
0.8461678320522472,0.7160000000000001,0.01111092814278888,0.6536217990109477,0.4574360129912808
0.8467585252006619,0.7169999999999999,0.01131127846369597,0.6533906611987684,0.4585920738380086
0.8473488065725944,0.718,0.011542003638661409,0.6498786287070288,0.45952539123845426
0.847938677028003,0.719,0.011711409795754257,0.6483802582879155,0.46103660199519225
0.848528137423857,0.72,0.011613407204517213,0.6561959267982521,0.4638910106377901
0.8491171886141512,0.721,0.01172825058771244,0.6541493301932876,0.4658358792226013
0.8497058314499201,0.722,0.01189323628339786,0.6521556939471637,0.4674743625530174
0.8502940667792526,0.723,0.011854721977907488,0.6560148715241725,0.46987464924938277
0.8508818954473059,0.724,0.012084068385489265,0.6522220582452757,0.47121364560152434
0.85146931829632,0.7249999999999999,0.01217878235282014,0.6547179090507059,0.4729295858520877
0.8520563361656317,0.726,0.012433202316327493,0.6506409121264423,0.4738657191005911
0.8526429498916882,0.727,0.012410838210081302,0.6523776365423728,0.47642732372586777
0.8532291603080616,0.7279999999999999,0.012614139437605351,0.652372747846287,0.47780213108493846
0.8538149682454624,0.729,0.012720433254061022,0.6550378730857439,0.47946500190173935
0.8544003745317531,0.73,0.01262859923548549,0.6538170984046806,0.4825037642858843
0.8549853799919622,0.7310000000000001,0.012916690839048107,0.6507612384562991,0.48326499690399805
0.8555699854482975,0.7320000000000001,0.01289770448898609,0.6550440834880594,0.4859353246857584
0.8561541917201597,0.733,0.013128855186496322,0.6590707622279426,0.48705117411977483
0.8567379996241558,0.7339999999999999,0.013154575430635208,0.6542175934271732,0.4893193668414521
0.8573214099741123,0.735,0.013445667803595187,0.6508765049857472,0.4901961125287181
0.8579044235810886,0.736,0.013527528294593291,0.6520691656976912,0.4920600075008378
0.8584870412533901,0.737,0.013630862740278258,0.652370062566217,0.4938606903218836
0.8590692637965812,0.7380000000000001,0.013714097735685722,0.6542681619411718,0.4957522931042162
0.8596510920134982,0.739,0.01381621596634055,0.6526774616571102,0.49760661088064123
0.8602325267042626,0.74,0.013735973359580335,0.6574938634102157,0.5005577833233393
0.8608135686662938,0.7410000000000001,0.013916033925464425,0.6540097433438459,0.5017669065072243
0.8613942186943212,0.7420000000000001,0.014181826943840509,0.6577979853974982,0.5027532852395108
0.8619744775803979,0.7429999999999999,0.01393779250532517,0.6584550363720263,0.5065150295291612
0.862554346113913,0.7440000000000001,0.014574747416637158,0.65625364232054,0.5056262242455362
0.8631338250816034,0.745,0.01451573311433939,0.6568471174148096,0.5083501179193569
0.8637129152675673,0.7459999999999999,0.014516090366554516,0.6551095237329839,0.5105205948031007
0.864291617453276,0.747,0.014462679048137143,0.6582304072613268,0.513255905981592
0.8648699324175861,0.748,0.014842112003520968,0.6550465774499307,0.513635159057348
0.8654478609367522,0.749,0.015015232248886339,0.6578262619702191,0.5150946741730273
0.8660254037844386,0.7499999999999999,0.015171447956136905,0.6550109813122457,0.516759401320778
0.8666025617317318,0.751,0.01529169396625535,0.6588826072230594,0.5185113210672767
0.867179335547152,0.752,0.015377756505907694,0.658762594199317,0.5205423307664598
0.8677557259966655,0.753,0.015360938208733809,0.6590440036662105,0.5230154885171017
0.8683317338436964,0.7540000000000001,0.015394657592840357,0.6568297948397404,0.5249763362336786
0.8689073598491384,0.755,0.01549483676992578,0.6607777494561787,0.526775121547035
0.8694826047713663,0.756,0.01580131129935076,0.6591661614469204,0.5275949581415299
0.8700574693662483,0.7570000000000001,0.01593744963031882,0.6549762789230061,0.5293518377096523
0.8706319543871567,0.7580000000000001,0.016224809056069534,0.6543423308025716,0.5304959029761016
0.8712060605849801,0.759,0.016191187934794855,0.6574650276335283,0.5328239531297536
0.8717797887081347,0.7599999999999999,0.016427116843500584,0.657467923359705,0.5342639270934992
0.8723531395025755,0.761,0.01657371264210203,0.6576653102608043,0.5356583240257105
0.8729261137118078,0.7620000000000001,0.016687682752208763,0.6573768613843,0.5375185731980291
0.8734987120768982,0.7629999999999999,0.016913150653703378,0.6572588158175258,0.5388070927892253
0.8740709353364863,0.764,0.01669312212859024,0.6593309906949161,0.5421234566657048
0.8746427842267951,0.765,0.017182269728036097,0.6546898314778882,0.5419484469224274
0.8752142594816426,0.7659999999999999,0.017153867426938696,0.6571150134871129,0.5446228188617097
0.8757853618324527,0.7670000000000001,0.017387782225801156,0.6589677217617305,0.545890957497865
0.8763560920082658,0.768,0.017373432679718647,0.6565370597783544,0.5482097663337357
0.8769264507357502,0.769,0.017624497911878964,0.6576247886525545,0.54926606226267
0.8774964387392122,0.77,0.01778035004525186,0.6581177451415707,0.5510859663299666
0.8780660567406077,0.771,0.01803318099740082,0.6590625230487033,0.552214559269396
0.8786353054595518,0.7719999999999999,0.018198287717115506,0.6591667913582604,0.5537395306302878
0.8792041856133307,0.773,0.018104813227182884,0.656921803515386,0.5564437208816227
0.8797726979169108,0.774,0.018370960794022884,0.65918312628855,0.5575568312528809
0.8803408430829505,0.775,0.01838466119180423,0.6609067343489136,0.5597788900798382
0.8809086218218096,0.776,0.018690039592703513,0.6581845611332254,0.560818991720078
0.8814760348415606,0.7770000000000001,0.01879701245162278,0.6580477745584852,0.5625504458586945
0.8820430828479978,0.7779999999999999,0.018726988322693677,0.6631448223529572,0.5649472320688103
0.8826097665446492,0.7790000000000001,0.019119608447248432,0.659863048126809,0.5658498580823661
0.8831760866327847,0.78,0.01896254181443505,0.6619105383256781,0.5686967734318344
0.8837420438114281,0.781,0.01889878341042026,0.6648283092087496,0.5711513603306563
0.8843076387773657,0.7819999999999999,0.019501513472173257,0.6630788599902468,0.5708859317719952
0.8848728722251575,0.783,0.019386811580462324,0.6646970823323864,0.573691390842517
0.8854377448471462,0.784,0.019669106821509526,0.6591336259901843,0.5747391753717029
0.8860022573334675,0.7849999999999999,0.020044129942517978,0.6625565623326497,0.5755012309245873
0.8865664103720601,0.786,0.020230773581890633,0.6607942995691758,0.5771551718470074
0.887130204648675,0.7869999999999999,0.020232709799595846,0.6608119722529403,0.5793058380646411
0.8876936408468858,0.7879999999999999,0.0203230172916455,0.6607185176287451,0.5812458330375223
0.8882567196480982,0.789,0.020486194261632742,0.6619873641570381,0.5827119093930232
0.8888194417315589,0.79,0.02062171947607197,0.6637467031262818,0.5843644542158121
0.8893818077743664,0.7909999999999999,0.020656718773685735,0.6634226638128806,0.5863643560083297
0.8899438184514796,0.7920000000000001,0.0205391719121166,0.6649349084866063,0.5893284927233402
0.8905054744357275,0.793,0.021362416489975805,0.6613505276320727,0.588074393725127
0.8910667763978186,0.794,0.021133226376853546,0.6655208824590187,0.5913971976099331
0.8916277250063505,0.7950000000000002,0.021377907252695172,0.6603986732838925,0.5927328461156915
0.8921883209278185,0.7960000000000002,0.02150490156871839,0.6607492889069845,0.5944906150769999
0.8927485648266258,0.797,0.021512840650530538,0.6646091201262184,0.5966291088848098
0.8933084573650918,0.798,0.02179994765930364,0.6600156610391985,0.597649324531629
0.8938679992034618,0.799,0.021611724969918523,0.668721190920199,0.6005599237679813
0.8944271909999159,0.7999999999999999,0.02204578619175601,0.6641849281292462,0.601010026089661
0.8949860334105779,0.801,0.022164923537084255,0.66477737157237,0.6029046086606706
0.8955445270895245,0.802,0.022176606946489832,0.6671043734582484,0.6049460176249936
0.8961026726887941,0.8029999999999999,0.022051548746929394,0.6665502126451937,0.607826695826646
0.8966604708583958,0.8040000000000002,0.02257262832999185,0.6641024326936914,0.6080672633691878
0.897217922246318,0.8049999999999999,0.02260986310967237,0.6675661975142336,0.6099943215161776
0.8977750274985377,0.806,0.023193536799022706,0.6631948683163696,0.6102568980999183
0.8983317872590283,0.807,0.023103274060077797,0.6667964813782205,0.6125934378659286
0.8988882021697693,0.808,0.022948395911214243,0.669331717923107,0.6153060989530862
0.8994442728707543,0.809,0.023560762622430405,0.6676554003587375,0.6152632921452929
0.9,0.81,0.023829279934979953,0.6623424275034206,0.6166101783423721
0.9005553841935542,0.8109999999999999,0.023596020889824345,0.6716152737073843,0.6198410668493287
0.9011104260855048,0.812,0.023757181545863527,0.667785166001431,0.6212453239752291
0.901665126307988,0.813,0.024191412351333267,0.6666054262084125,0.6217555841372261
0.9022194854911968,0.8139999999999998,0.024218590268549018,0.6693839020218766,0.6238169628605635
0.9027735042633894,0.8150000000000001,0.024194814330534026,0.6681748143778784,0.6262631003287799
0.9033271832508971,0.8159999999999998,0.024385618489612182,0.6701334267021565,0.6277165700153994
0.9038805230781334,0.8170000000000001,0.02476487439590911,0.6672146939331125,0.6283458260392903
0.904433524367601,0.818,0.024817882764697152,0.6691714861132294,0.630648984598725
0.9049861877399014,0.819,0.025249609627776105,0.6660607252368286,0.6311936976749328
0.9055385138137416,0.82,0.02519323423320345,0.6659905609396752,0.6334755135159736
0.9060905032059435,0.821,0.025273453006913447,0.6686825217235176,0.6358017064117993
0.906642156531451,0.8220000000000001,0.025325971747237296,0.6694338645180663,0.6375423519484295
0.9071934744033381,0.8230000000000001,0.025298490427949582,0.671948710957895,0.6397086650963397
0.9077444574328174,0.8240000000000001,0.02575622159953556,0.6688592563934438,0.6403877249134164
0.9082951062292475,0.825,0.026000776675264178,0.6665743764916767,0.6415607103628358
0.908845421400141,0.826,0.026224115743640183,0.6680931276008679,0.6430557084961817
0.9093954035511725,0.827,0.02642050771367418,0.6705589765370086,0.6448844646671769
0.909945053286186,0.828,0.026658647608094874,0.6731042579695076,0.6459677984217422
0.910494371207203,0.829,0.027249424457042454,0.6667741355421906,0.6462859706664821
0.9110433579144299,0.8300000000000001,0.027049462946512774,0.6690297123149406,0.6488279518147875
0.9115920140062659,0.8310000000000001,0.02699831092114897,0.6730752162505526,0.6513161925277242
0.9121403400793103,0.8319999999999999,0.027521797462614076,0.6704530019367921,0.6516891218743536
0.9126883367283708,0.833,0.027514325114852654,0.6703423850444011,0.6537609715872731
0.9132360045464699,0.8340000000000001,0.027709082379526274,0.6724577359370367,0.6552813642084498
0.9137833441248533,0.8350000000000001,0.027601212028960306,0.6718220050459659,0.6579224296069035
0.9143303560529968,0.836,0.027934306080451717,0.6736390692415345,0.6590759056896774
0.9148770409186143,0.837,0.027747249802009696,0.6766448558007059,0.6616183336853102
0.9154233993076646,0.838,0.028183155834346548,0.6716995210154938,0.6622960441459702
0.9159694318043589,0.839,0.028346548828638456,0.677692972439595,0.6639084309734355
0.916515138991168,0.84,0.028132564517549526,0.6756626666842116,0.6667877526956247
0.91706052144883,0.841,0.02915870820020972,0.6731689496212783,0.6655545829989905
0.9176055797563569,0.8419999999999999,0.02890513397312413,0.6724687109772042,0.6687348775691191
0.9181503144910423,0.843,0.029116389883577568,0.6735398581989769,0.6698137322978387
0.9186947262284682,0.8440000000000001,0.029386586887191864,0.674800330935943,0.6715534884666111
0.9192388155425117,0.845,0.029614786407917128,0.6763582145401963,0.6727764458548985
0.9197825830053535,0.8460000000000001,0.030165186720649644,0.6726656854254451,0.6730163801586696
0.9203260291874831,0.847,0.029690589273419114,0.6772828293372641,0.67668914439216
0.920869154657707,0.848,0.029649328486279956,0.6793439372339068,0.6790038380325368
0.9214119599831554,0.849,0.030034826014286007,0.6797110148848444,0.6800535129331403
0.9219544457292888,0.8500000000000001,0.030176456973438424,0.6758459549363665,0.6816021102777713
0.9224966124599049,0.851,0.030615324341803803,0.677523671871799,0.6822180322432869
0.9230384607371461,0.8520000000000001,0.031243705497837455,0.6730775910923894,0.6825900038161141
0.9235799911215054,0.8529999999999999,0.03101889677289357,0.6762974505692233,0.6852402353825944
0.9241212041718337,0.854,0.03091527086728014,0.6770682381035555,0.6878953514072741
0.9246621004453465,0.855,0.030985430798795534,0.6795045219115737,0.6896759135108921
0.9252026804976302,0.856,0.03171242310675474,0.6776754551666848,0.6896904950760561
0.9257429448826494,0.8570000000000001,0.03175735188433913,0.6792653688012684,0.691598052323727
0.9262828941527529,0.858,0.03165960345727658,0.678534566716891,0.6939881185746765
0.9268225288586807,0.859,0.03213349554862341,0.679482539437081,0.6947411539641452
0.9273618495495703,0.86,0.032288318769743085,0.6794959734105345,0.6961362118966254
0.9279008567729636,0.861,0.03223396301683587,0.680929967919278,0.698390536780863
0.9284395510748128,0.8619999999999999,0.03354652841549136,0.6708825536237814,0.6967291321185075
0.9289779329994874,0.8630000000000001,0.03324647245998476,0.677645922521954,0.6999057426743285
0.92951600308978,0.8639999999999999,0.032927876319830726,0.6785149131725792,0.7028214182016411
0.9300537618869137,0.865,0.03382576543946901,0.6752837898371473,0.7023171267953715
0.9305912099305473,0.866,0.033708771152739334,0.6775105523772333,0.7046106771456864
0.9311283477587824,0.867,0.033336856749883695,0.6825084066940489,0.7079117255179341
0.9316651759081692,0.8679999999999999,0.03354570845884984,0.6800815503161267,0.7094126814308376
0.9322016949137134,0.869,0.03356884273724941,0.6824436759016107,0.7114907685169259
0.9327379053088815,0.8699999999999999,0.034069968874349675,0.680806545399971,0.7119336422204826
0.9332738076256079,0.8710000000000001,0.03380624055732809,0.6827870457807993,0.7147381398006826
0.9338094023943002,0.8720000000000001,0.034758459595533024,0.6812922415063541,0.7141127652433799
0.9343446901438462,0.873,0.03443739109923704,0.6839805534507813,0.7172693289058211
0.9348796714016194,0.8739999999999999,0.03513634234693697,0.6836491660282225,0.7172815647525779
0.9354143466934853,0.875,0.0354773752534944,0.6823358216841954,0.7184525376778517
0.9359487165438072,0.8759999999999999,0.03577270290492399,0.6813260047667749,0.7197418956974441
0.9364827814754524,0.8769999999999999,0.03557191453741373,0.6848217810270176,0.7220586596520816
0.9370165420097982,0.878,0.035965177523223535,0.6839704902083933,0.7233593214329651
0.9375499986667378,0.8790000000000001,0.036073484531458415,0.6849008352407834,0.7249113653742776
0.938083151964686,0.8800000000000001,0.037341275303558095,0.6771383545533728,0.7238245791695129
0.9386160024205852,0.881,0.03649682364132551,0.6866805807028774,0.7279289577452438
0.9391485505499116,0.8819999999999999,0.03645161069530933,0.6864318832299289,0.7299911014347036
0.9396807968666807,0.883,0.03725096660140033,0.6843641244352566,0.7300362617788592
0.9402127418834527,0.8840000000000001,0.037258776027282434,0.6841311087005308,0.7320741138710211
0.9407443861113389,0.8849999999999999,0.03748761542165007,0.6838152256129686,0.7336460973320718
0.9412757300600074,0.886,0.037793185983976844,0.6877657315693793,0.7346682377144652
0.9418067742376883,0.887,0.03741920831786654,0.6903331922263584,0.7377533634307026
0.9423375191511797,0.8879999999999999,0.03756849786647281,0.6915059844256486,0.7394009865305168
0.9428679653058534,0.8889999999999999,0.03834907535864355,0.6846874142257628,0.7393399284480152
0.9433981132056604,0.89,0.03856770225607839,0.6876985293390194,0.7405924277061299
0.9439279633531364,0.8910000000000001,0.03856043898335755,0.6882572908583232,0.7424289108924079
0.9444575162494075,0.8919999999999999,0.039471644253515514,0.6824406402979616,0.7425705340319521
0.944986772394196,0.893,0.03884328820611222,0.6894805218802466,0.7461719010003341
0.9455157322858251,0.894,0.03915106675908506,0.6892374588955013,0.7474465708920975
0.9460443964212251,0.895,0.03935065353749533,0.6890654247437006,0.7491635976686428
0.9465727652959386,0.896,0.03994476145752402,0.6872000989743796,0.7496061192996116
0.9471008394041259,0.8969999999999999,0.03964099732166329,0.6911082620767818,0.7523614894213861
0.9476286192385707,0.8979999999999999,0.04085884493494587,0.6871613674037512,0.7511194361369128
0.9481561052906847,0.899,0.04059501124450919,0.6910350751856627,0.7541661199147938
0.9486832980505138,0.8999999999999999,0.04062504379766271,0.6884600832583927,0.7559936864483395
0.9492101980067429,0.901,0.04113336168364765,0.6924226727409423,0.7566502419564517
0.9497368056467013,0.902,0.041091706105102654,0.6891519229614604,0.7584859054553115
0.950263121456368,0.9030000000000001,0.041045595970386435,0.6932187266548221,0.7607649168852718
0.950789145920377,0.9039999999999999,0.041919740076546606,0.689641233314123,0.7606616912281993
0.9513148795220224,0.905,0.04123940610294361,0.6946671654887827,0.7644915170248989
0.9518403227432635,0.9059999999999999,0.04168562219663822,0.6940669229314204,0.7651760721623786
0.9523654760647301,0.907,0.04266493397728172,0.6901097899458865,0.765045826500567
0.9528903399657277,0.9080000000000001,0.0428038220148501,0.689518484039679,0.76665547600254
0.9534149149242422,0.909,0.042264887612673115,0.6965384338101178,0.769984752558261
0.9539392014169457,0.91,0.0432341506039718,0.6956424931427673,0.7696694792549297
0.9544631999192007,0.911,0.04278690217474343,0.692642508622272,0.772648949588652
0.9549869109050658,0.9120000000000001,0.04297393986606055,0.697584841595392,0.7742744980830532
0.9555103348473003,0.9129999999999999,0.04339038876227939,0.6933222639310768,0.7755446084643657
0.9560334722173696,0.9139999999999999,0.04415713462477726,0.6933740489014917,0.7756422500316507
0.9565563234854496,0.9150000000000001,0.043658144869266516,0.6990249627030761,0.7786898924723715
0.9570788891204319,0.916,0.0441019420774439,0.6986089235687808,0.7798398958515399
0.957601169589929,0.917,0.04444608091531764,0.6988430379193715,0.7806027658845067
0.9581231653602788,0.918,0.04526739156485884,0.694568286284014,0.7808522322067434
0.9586448768965492,0.9189999999999999,0.04483916907714504,0.6966328501213825,0.7836902932493676
0.9591663046625439,0.92,0.045626782417759776,0.695013243733689,0.7837951499313746
0.9596874491208063,0.9210000000000002,0.04532615471878237,0.701358887885085,0.7866974618292828
0.9602083107326244,0.922,0.0454278492085359,0.6993263023083011,0.7884760701541522
0.960728889958036,0.9229999999999999,0.04598497364719668,0.6988002431350545,0.7893278506115888
0.9612491872558333,0.924,0.04594854155094846,0.6992735100704814,0.7911009574942043
0.9617692030835673,0.925,0.045953286129463665,0.7056416694679746,0.7931379170381024
0.9622889378975527,0.9259999999999999,0.04646197297351994,0.6998369156897365,0.794225164973522
0.9628083921528727,0.9269999999999999,0.04730478828387804,0.700743044224218,0.7940343003119439
0.9633275663033837,0.928,0.04674939055643303,0.7023662472522737,0.7973507991257516
0.9638464608017192,0.929,0.04757244721682156,0.7005947293661375,0.7974870332269319
0.9643650760992956,0.9300000000000002,0.0471531434400221,0.704890948649155,0.8003069801700317
0.9648834126463155,0.9309999999999999,0.04746886805141813,0.7059826038142756,0.8017041538338511
0.9654014708917736,0.932,0.04783906916578334,0.7055190227448511,0.8028781332275846
0.96591925128346,0.9329999999999999,0.04826476937040821,0.7049139231353287,0.8037902241047046
0.9664367542679656,0.9340000000000002,0.04810826234748484,0.7057435709791514,0.8059696306029029
0.9669539802906858,0.9349999999999999,0.04903197728177228,0.7042529212253267,0.8061951508495379
0.9674709297958259,0.9359999999999999,0.0487710256898727,0.7103930565561604,0.8085220129433188
0.967987603226405,0.937,0.04948647858996396,0.7043215126777767,0.8088360314306228
0.96850400102426,0.938,0.04981111264444535,0.7034725327766747,0.8102054407762834
0.9690201236300513,0.939,0.050004836687963516,0.7073621879489159,0.8118471390926684
0.9695359714832658,0.94,0.04957151589148587,0.7114050802338553,0.8146854196063578
0.970051545022222,0.9410000000000001,0.0498471891247985,0.7109560163701499,0.8158261403728474
0.9705668446840743,0.942,0.05019029266903529,0.7109169348100542,0.8173793734529612
0.9710818709048171,0.943,0.05070200234269301,0.7100569344365383,0.8181127512296785
0.9715966241192895,0.944,0.05177814795171649,0.706140519085647,0.8175598542206067
0.972111104761179,0.945,0.051327479836242994,0.7098731573178584,0.8208344702782923
0.9726253132630263,0.946,0.05139879979452134,0.7135255552774767,0.8223777733489118
0.973139250056229,0.9469999999999998,0.0527585730220659,0.7075679776970789,0.821687013369469
0.9736529155710468,0.9480000000000001,0.05290504289752977,0.7082933278137199,0.8232053463591342
0.9741663102366043,0.949,0.053105433054983206,0.7109167621891884,0.8250269603065054
0.9746794344808963,0.9499999999999998,0.05313865544648129,0.714662556486285,0.8266719156857129
0.9751922887307918,0.951,0.05298395983359321,0.7114411260447588,0.8289362517047907
0.9757048734120374,0.9519999999999998,0.052998397241802615,0.7156324051020806,0.830806396524272
0.9762171889492625,0.953,0.054308025133414345,0.7136190094676104,0.8301766735248535
0.9767292357659824,0.954,0.053920420129686716,0.7136693002297118,0.8328163577183221
0.9772410142846032,0.9550000000000001,0.053601911033333505,0.7176538850780922,0.8353884641800386
0.9777525249264253,0.9559999999999998,0.05405575779555609,0.7181970473916722,0.8365077172522762
0.9782637681116478,0.9569999999999999,0.05476689909826895,0.7159362483662319,0.8369642022785209
0.9787747442593725,0.9580000000000001,0.054340415082656364,0.7195641841904549,0.8395625815991294
0.9792854537876073,0.9590000000000001,0.054959461477520566,0.7192675027019015,0.8403345918493729
0.9797958971132712,0.96,0.05521769446314628,0.7208624771730991,0.8416586848280878
0.9803060746521975,0.9609999999999999,0.05509508448338581,0.7209960903142677,0.8439091186378846
0.9808159868191383,0.9620000000000001,0.055418039394097084,0.7234777477304114,0.8452697307847234
0.9813256340277675,0.9629999999999999,0.05716287238430912,0.718186789813711,0.8437579069743811
0.9818350166906862,0.964,0.056532860876535064,0.7240372915323982,0.8468706145657645
0.982344135219425,0.965,0.05730443402532181,0.7209971543833684,0.8473852237121596
0.9828529900244491,0.966,0.05726456145706805,0.7234959611346929,0.8494342765493913
0.9833615815151617,0.9670000000000001,0.05691469305803411,0.7252183141621663,0.8520316850385258
0.9838699100999074,0.968,0.05811213692729866,0.723964426785491,0.8516918631749577
0.984377976185977,0.9689999999999999,0.05743419852863634,0.7281067761919036,0.8548594100509037
0.9848857801796105,0.97,0.05792493682566317,0.7277913444821652,0.855782563683941
0.985393322486001,0.971,0.05901098206462678,0.7259383605134279,0.8554872002200591
0.985900603509299,0.972,0.05811866835074338,0.7304819379673574,0.8590987442131697
0.9864076236526155,0.9729999999999999,0.059869224254260375,0.7266364793954038,0.8578303778899065
0.9869143833180262,0.9739999999999999,0.05931530364570805,0.7291569538050243,0.8607039882689919
0.9874208829065749,0.975,0.05964321008646605,0.7333746485875212,0.8621295144713748
0.9879271228182775,0.9760000000000001,0.06003522878877468,0.732386594537547,0.863325063539328
0.9884331034521254,0.9770000000000001,0.060267300439936236,0.7328374971144679,0.8649351033015706
0.9889388252060892,0.9779999999999999,0.06067506549071294,0.7333391823606625,0.8658118631649828
0.9894442884771228,0.9789999999999999,0.061487907517405085,0.7344409889793531,0.8663873947808303
0.9899494936611666,0.9800000000000001,0.060611184627258334,0.7380277760956482,0.8695900976582861
0.9904544411531506,0.9809999999999999,0.06172653058251445,0.737393889431676,0.8694322504698008
0.9909591313469996,0.9820000000000001,0.061624446143089553,0.7368918129461698,0.8718196020809941
0.991463564635635,0.983,0.06140018301490549,0.7400403592129855,0.8740781363067932
0.9919677414109795,0.984,0.061873083217219293,0.7397762167558947,0.8751877600739677
0.9924716620639604,0.9850000000000001,0.06342962859317966,0.7383431903156212,0.8743577982411805
0.9929753269845127,0.986,0.06259946214400192,0.7421540112713042,0.8774512205301066
0.9934787365615834,0.987,0.06416132496919862,0.7399080200697944,0.8767830797939506
0.9939818911831342,0.988,0.06329228614295054,0.745509817692555,0.8800740149608371
0.9944847912361455,0.989,0.06388000156108815,0.7450310741038284,0.8809491278316717
0.99498743710662,0.99,0.06483387332652268,0.7467612505398544,0.8812020956862009
0.9954898291795853,0.9909999999999999,0.06504254216175759,0.7474859883407514,0.8825599079541978
0.9959919678390986,0.992,0.06443770994380857,0.7522175368495808,0.8855291496621883
0.9964938534682489,0.993,0.06436212280552316,0.7552949852790243,0.8876854575122137
0.9969954864491614,0.9939999999999999,0.06627766349092618,0.7513677615737926,0.8862852902228971
0.9974968671630001,0.9949999999999999,0.06576243046432599,0.7558045797213061,0.8890055687847515
0.997997995989972,0.9960000000000001,0.06524865871593855,0.7613191866808926,0.8918639794786252
0.9984988733093293,0.997,0.06677516483322261,0.7627619901208502,0.8910431882331109
0.9989994994993742,0.9980000000000001,0.06699848287439408,0.7638994353916961,0.8926654715383731
0.999499874937461,0.9990000000000001,0.06650779018547721,0.7669986149189327,0.8952684423673559
1.0,1.0,0.06709883705919009,0.7755548329437755,0.8961438747309186
