0.0,0.0,0.05078509072279488,0.8370672980122219,0.9246189269133649
0.03162277660168379,0.0009999999999999998,0.05062798938568657,0.826243963839065,0.923163518407206
0.044721359549995794,0.002,0.050441233863121715,0.8231336838511696,0.9217512974301181
0.05477225575051661,0.003,0.05034822200065866,0.8190815649101832,0.9201980224297442
0.06324555320336758,0.003999999999999999,0.050207694670691035,0.8162954665243165,0.9187082948523948
0.07071067811865475,0.005,0.05001767292277238,0.8143024710090193,0.91729901991748
0.07745966692414834,0.006,0.04937661481459811,0.8127457145025718,0.9165944255465918
0.08366600265340755,0.007,0.04922667791342265,0.8106013329175649,0.9151266266041262
0.08944271909999159,0.008,0.049251250790471275,0.8084074297223094,0.9133756485845562
0.09486832980505137,0.009,0.048871012001766655,0.8072255487740319,0.912266336987564
0.1,0.010000000000000002,0.04863848193225993,0.80609450482055,0.9109261527148703
0.10488088481701516,0.011000000000000001,0.04836557892286439,0.8045922501140624,0.9096435703075142
0.10954451150103323,0.012,0.04805629222621612,0.8031288488575705,0.9084192156612076
0.11401754250991379,0.012999999999999998,0.048384321178728186,0.8006301962334768,0.9061837142063041
0.11832159566199232,0.014,0.04805388702358714,0.7997585439787186,0.9049953167543104
0.1224744871391589,0.015,0.04774479519180239,0.7986680410026729,0.9037762698736744
0.12649110640673517,0.015999999999999997,0.047617015448409336,0.7967303235544652,0.9022551037293046
0.130384048104053,0.017000000000000005,0.047342133340820255,0.7957767389372581,0.9009806420095212
0.1341640786499874,0.018000000000000002,0.04696784742580001,0.7954632222532979,0.8998605132871625
0.13784048752090222,0.019,0.0469515536760927,0.7935938952420422,0.8981560720532087
0.1414213562373095,0.02,0.046834266949796366,0.7932695138620943,0.896631417657064
0.14491376746189438,0.020999999999999998,0.04657190776283127,0.7914799485944933,0.8953330476653004
0.14832396974191325,0.022,0.04610483902636068,0.7913897906193909,0.8943684878412225
0.15165750888103102,0.023000000000000003,0.04622988017285786,0.7898435321183365,0.8924287588693778
0.15491933384829668,0.024,0.046012826705587775,0.7888371151213033,0.8910564684589201
0.15811388300841897,0.025,0.045635602211189764,0.7880169077131619,0.8899390559945296
0.161245154965971,0.026000000000000002,0.045653406432598576,0.7868325198876652,0.8881728708014025
0.16431676725154984,0.027000000000000003,0.04525999402610012,0.7861614565467807,0.8870940572637519
0.1673320053068151,0.028,0.04488687605238373,0.785402961587232,0.8859831957263495
0.17029386365926402,0.029000000000000005,0.045025341860315184,0.7834779734534498,0.8840066399970734
0.17320508075688773,0.03,0.044871489884010456,0.7830019686433368,0.8825199898741052
0.17606816861659008,0.030999999999999996,0.044286237347739926,0.78250783564399,0.881768243020263
0.17888543819998318,0.032,0.04424032057913759,0.7818945177594562,0.8801056938878803
0.1816590212458495,0.033,0.04434604810588971,0.7798407691963938,0.8781756728029139
0.18439088914585774,0.034,0.04382000163830058,0.7797125629782726,0.8773241089642182
0.18708286933869708,0.035,0.04362846617691535,0.77937161966782,0.8759096214269928
0.18973665961010275,0.036,0.043610128405214214,0.7783508862814629,0.8741809197761732
0.19235384061671346,0.037000000000000005,0.04342977012240345,0.7771324343599075,0.8727374259232893
0.19493588689617927,0.038,0.043131435592578204,0.7764202802239478,0.8715014960051912
0.19748417658131498,0.03899999999999999,0.04294382093236277,0.7759964340464223,0.8700660972661404
0.2,0.04000000000000001,0.04264850952275155,0.7756664005913588,0.868826718530074
0.2024845673131659,0.04100000000000001,0.04238047949182342,0.7745088185674098,0.8675288090474614
0.20493901531919198,0.042,0.0426701657309347,0.7732418545786515,0.8652618214597134
0.2073644135332772,0.043,0.04212073358984869,0.7731528281243871,0.8644664269729585
0.20976176963403032,0.044000000000000004,0.041871479315461944,0.7726346382820879,0.863137864064741
0.21213203435596426,0.045,0.041661230712269244,0.7722465726271832,0.8617450655573906
0.21447610589527216,0.046,0.04152302140093505,0.7709151919869678,0.8602257302691493
0.216794833886788,0.047,0.04135071987433381,0.7703807613243246,0.8587634058289634
0.21908902300206645,0.048,0.04120164699790372,0.7696235682186281,0.857260489163347
0.22135943621178655,0.049,0.04097471491915333,0.769627243089492,0.855888585686229
0.22360679774997896,0.049999999999999996,0.04070180244668867,0.7689106805833631,0.8546119153340375
0.22583179581272428,0.05099999999999999,0.04067054085820987,0.7684697554794404,0.8528887264954197
0.22803508501982758,0.05199999999999999,0.0405789747048361,0.7672216097828743,0.8512753028227124
0.23021728866442676,0.053,0.04010183498159699,0.7669251487700784,0.8503637633153236
0.232379000772445,0.05399999999999999,0.040065053005693525,0.7654251981921888,0.8486440906586554
0.2345207879911715,0.05500000000000001,0.03971742405018399,0.7655120199163457,0.8475041808357612
0.23664319132398465,0.056,0.03961807367366167,0.7656423089733068,0.8459040569240281
0.23874672772626646,0.05700000000000001,0.03947674894650085,0.7647929960920373,0.8443721770280337
0.24083189157584592,0.058,0.03929008703574502,0.763444251992739,0.8429253431794724
0.24289915602982237,0.059,0.039258154222779944,0.7624188644193696,0.8411921670723381
0.2449489742783178,0.06,0.03889443622146726,0.7622856396267296,0.8400860195298597
0.2469817807045694,0.061000000000000006,0.0387245493085609,0.761542995947749,0.8386132829004328
0.24899799195977465,0.062,0.03873439259646755,0.761045973945975,0.8367909655059417
0.25099800796022265,0.06299999999999999,0.03833332320487618,0.7603020024993821,0.8357535513174733
0.25298221281347033,0.06399999999999999,0.03807537735908744,0.7608386248667955,0.8344483271774139
0.25495097567963926,0.065,0.03792578401792089,0.7598470309614219,0.8329283211092081
0.2569046515733026,0.06600000000000002,0.03772687598473896,0.7599002073058674,0.8315056981305468
0.2588435821108957,0.067,0.03756419949107219,0.7578335903829939,0.8300114689763451
0.260768096208106,0.06800000000000002,0.03740721911100322,0.7582763975493596,0.8285080653108383
0.26267851073127396,0.069,0.03735331870899766,0.7574637702722322,0.8268052122858478
0.2645751311064591,0.07,0.03707093138708107,0.7574131418100578,0.8255390893247175
0.2664582518894845,0.07099999999999998,0.03693295129627212,0.7566474074937765,0.8239944312141997
0.2683281572999748,0.07200000000000001,0.036865513672310786,0.755499612959725,0.8223108309339549
0.2701851217221259,0.07299999999999998,0.036529107716564084,0.7552396991141327,0.8211556359320703
0.2720294101747089,0.07400000000000001,0.03639322810823876,0.7552921176394315,0.8195976696806522
0.27386127875258304,0.07499999999999998,0.03625059491160644,0.7538419854260839,0.818063480381324
0.27568097504180444,0.076,0.03623799271918856,0.7538393025569788,0.8162581077642199
0.27748873851023215,0.077,0.03576046464002455,0.7531635075367213,0.8153962422945358
0.2792848008753788,0.078,0.03575109910067698,0.7517919148943579,0.8135896565849216
0.2810693864511039,0.07899999999999999,0.03561036450821156,0.7527529533966434,0.8120435473943498
0.282842712474619,0.08,0.035360883333248966,0.7514874017458962,0.8107098096565316
0.28460498941515416,0.08100000000000002,0.03516822350933713,0.7517175485226865,0.8092736500447311
0.2863564212655271,0.082,0.034764070008575856,0.7514644193481753,0.8082679170258462
0.28809720581775866,0.08299999999999999,0.034811092007514824,0.7504397599713719,0.8063291094031276
0.28982753492378877,0.08399999999999999,0.03469957774384365,0.7496328272048257,0.8047191437269482
0.29154759474226505,0.08500000000000002,0.03440647193070878,0.7493712935769006,0.8034883358489621
0.29325756597230357,0.08599999999999998,0.03428127847189233,0.7491550105713954,0.8018969023478264
0.2949576240750525,0.08699999999999998,0.03418956318412918,0.7488226634102519,0.8002454788509974
0.2966479394838265,0.088,0.03394467380381306,0.7480186529287879,0.7989163680226139
0.29832867780352595,0.089,0.03381039775018783,0.7471895534405468,0.7973508455814684
0.3,0.09,0.03349947427938124,0.7484070364277559,0.7961537615902956
0.30166206257996714,0.09100000000000001,0.03351275324388373,0.746392473513937,0.7942640335304132
0.30331501776206204,0.09200000000000001,0.033224283262868484,0.7464456250022573,0.7930284985456756
0.30495901363953815,0.09300000000000001,0.0328144840559203,0.7466778237322766,0.7920491727080885
0.3065941943351178,0.09399999999999999,0.032837118583648316,0.7456493118046379,0.7901371512883272
0.3082207001484488,0.095,0.032850507917764046,0.7447954453808585,0.7882487973689112
0.30983866769659335,0.096,0.03245757842175858,0.7451101461962001,0.7872361535082869
0.31144823004794875,0.097,0.0322525047861666,0.744940202441215,0.7858225827115042
0.31304951684997057,0.098,0.032154865108214845,0.7436793557927723,0.7841683258355404
0.31464265445104544,0.09899999999999999,0.03225822211469495,0.7424977117361976,0.7820713487453504
0.31622776601683794,0.1,0.0317153565485956,0.7442718663346946,0.7813902853112833
0.3178049716414141,0.101,0.03190409026524266,0.7418340067768479,0.7790980871556584
0.31937438845342625,0.10200000000000001,0.03166077156265122,0.7415143690245013,0.7777683300003985
0.3209361307176242,0.10299999999999998,0.031210804058081916,0.7432048320170456,0.776895295319484
0.322490309931942,0.10400000000000001,0.03136019006588526,0.7408078324437699,0.7746817445034185
0.324037034920393,0.10499999999999998,0.030859921696650278,0.7421370978865279,0.7739198592822014
0.3255764119219941,0.10599999999999998,0.030931490071368826,0.7408035215009797,0.7718789168453892
0.32710854467592254,0.10700000000000001,0.0307575831602816,0.7407920973601966,0.7703802559434472
0.3286335345030997,0.10800000000000001,0.030465901296769567,0.7407582586354962,0.7691640911231336
0.3301514803843836,0.10900000000000001,0.030413539571623915,0.739499257344777,0.7673910939334976
0.33166247903553997,0.10999999999999999,0.030359094377854706,0.7388139109369991,0.7656286436267019
0.3331666249791536,0.11099999999999999,0.03003093127675315,0.7393068328862259,0.7644827487072902
0.3346640106136302,0.112,0.029928090362822596,0.7383789472990462,0.7628351293136711
0.3361547262794322,0.11299999999999999,0.029730170907661814,0.7378533046566148,0.7613881138091146
0.33763886032268264,0.114,0.029719990278383877,0.7369491899060284,0.7595165533244721
0.3391164991562634,0.115,0.029524092808347866,0.7369646192407258,0.7580686051928394
0.34058772731852804,0.11600000000000002,0.029384317199646598,0.7366723587933065,0.7564974963199064
0.3420526275297414,0.11700000000000002,0.02910611013875743,0.7371654167560646,0.7552402984276146
0.34351128074635334,0.11799999999999998,0.028945713871643537,0.7373512140429203,0.7537184597891173
0.3449637662132068,0.119,0.02873332824867443,0.7361410833082382,0.7523141415630471
0.34641016151377546,0.12,0.028726574819013598,0.7357953156728333,0.7504130666836498
0.3478505426185217,0.121,0.028475462837741754,0.7348566595933981,0.7491116620325878
0.3492849839314596,0.12200000000000001,0.028340235201347014,0.734851812528641,0.7475175627347461
0.3507135583350036,0.12299999999999998,0.028247490058059148,0.7338391172307035,0.7458158663128561
0.35213633723318016,0.12399999999999999,0.02820562221614187,0.7320400875252174,0.7439932896584245
0.3535533905932738,0.12500000000000003,0.027915155134492865,0.7348557985520104,0.7427891398949575
0.35496478698597694,0.12599999999999997,0.02787268586948867,0.7324341805303094,0.7409590221100306
0.3563705936241092,0.127,0.02749397943898818,0.7336368452712186,0.7399746476534252
0.35777087639996635,0.128,0.027590602878493367,0.7317194328328608,0.7378041778734786
0.35916569992135944,0.129,0.027332800110195444,0.7314484683574374,0.736516284906191
0.36055512754639896,0.13000000000000003,0.027215787981034086,0.7312466728897751,0.734868362758649
0.3619392214170772,0.13100000000000003,0.02696814588357741,0.7313165062970856,0.7335544136709511
0.363318042491699,0.132,0.026782298514398038,0.7317970813828193,0.7320846103078267
0.3646916505762094,0.133,0.026787792163759504,0.7306264779379463,0.7301307838265454
0.36606010435446257,0.13400000000000004,0.026402566477746123,0.7313962827079338,0.7291582663556232
0.3674234614174767,0.135,0.026413281160755548,0.730369300415626,0.7271914015334027
0.3687817782917155,0.136,0.026310767707223962,0.7294262855688417,0.7255084851845942
0.37013511046643494,0.13699999999999998,0.026163413941804596,0.7293066166100677,0.7239374028852361
0.3714835124201342,0.138,0.025982025065130056,0.7287209136466446,0.722452711274861
0.372827037646145,0.139,0.02577742187263105,0.7288624049979628,0.7210301317767809
0.37416573867739417,0.14,0.025641984808566748,0.728788089542929,0.7194332774395036
0.37549966711037175,0.141,0.025596733270029072,0.7276854007923822,0.7175921282463199
0.37682887362833545,0.14200000000000002,0.025338055158048683,0.7273691433900668,0.7163079959608918
0.3781534080237807,0.143,0.02521770408304625,0.7270590479361331,0.7146695965189278
0.3794733192202055,0.144,0.025109932275392582,0.7263920578214305,0.7129889056967829
0.3807886552931954,0.145,0.02488863755875167,0.7269480056824358,0.711609172909103
0.382099463490856,0.146,0.024826130602751163,0.7268413663595399,0.70981780685999
0.38340579025361626,0.147,0.024684459482108217,0.7255506453542839,0.7082171676942693
0.3847076812334269,0.14800000000000002,0.024465522184037802,0.7262093103885509,0.7068288170842053
0.38600518131237566,0.149,0.024445892366424516,0.7250106175677337,0.7049201969641569
0.3872983346207417,0.15000000000000002,0.02409316300465426,0.7270127989343182,0.7038866500605202
0.38858718455450897,0.15100000000000002,0.023957524096957408,0.7257018927009319,0.7022831621506828
0.38987177379235854,0.152,0.023897254576154492,0.7242663714282106,0.7004743319806285
0.39115214431215894,0.15300000000000002,0.023802992923522285,0.7233716541699995,0.6987446008585368
0.3924283374069717,0.15400000000000003,0.02353253573214538,0.724233487848285,0.6975116302821177
0.39370039370059057,0.15500000000000003,0.02335060956365965,0.724525366106689,0.6960261515287425
0.39496835316262996,0.15599999999999997,0.02336148301106331,0.7229628878264284,0.6940113365747318
0.396232255123179,0.157,0.023374059086378147,0.721608244458802,0.6919852883673387
0.39749213828703583,0.15800000000000003,0.023001589672286996,0.7230455207007334,0.6910380360527448
0.3987480407475377,0.159,0.02294975763908868,0.7226321440164274,0.6891875723042896
0.4,0.16000000000000003,0.02283565110437476,0.7220943711552165,0.6875103288222316
0.4012480529547776,0.16100000000000003,0.02261988160128476,0.721944656421476,0.6861247946810377
0.40249223594996214,0.162,0.0224367857752258,0.7223948650975273,0.6846415063055963
0.403732584763727,0.16299999999999998,0.02234828346235029,0.7214041492348966,0.6828986020622471
0.4049691346263318,0.16400000000000003,0.02232282703886228,0.7209414691815009,0.6809587162654243
0.406201920231798,0.165,0.022094021096171573,0.7207365263062082,0.6796182325251084
0.4074309757492673,0.16600000000000004,0.02203718765563454,0.7204913524186989,0.6777713373775116
0.408656334834051,0.167,0.02187582711620537,0.7203833068845894,0.6762294165552588
0.40987803063838396,0.168,0.021753149091772263,0.7198131742543034,0.6745775189351205
0.41109609582188933,0.169,0.02160144469613151,0.7200087155730441,0.6729984872479392
0.41231056256176607,0.17,0.021530688107493062,0.7186841179097911,0.6711896631268728
0.41352146256270667,0.171,0.021317803868126414,0.719244404406552,0.6697982845890538
0.4147288270665544,0.172,0.021143144125408034,0.7188557023333302,0.6682894935798902
0.4159326868617084,0.173,0.021069010475838257,0.7181732478878318,0.6664823971511395
0.4171330722922842,0.174,0.021045873516570474,0.7176744386057129,0.6645299846770517
0.4183300132670378,0.17500000000000002,0.020816648001922032,0.7173160921087806,0.6631875163828
0.41952353926806063,0.17600000000000002,0.020657405182730782,0.7178933547855834,0.6616325636115773
0.4207136793592526,0.177,0.020534549879179825,0.7178158142712784,0.6599745531190374
0.4219004621945797,0.178,0.020414217910125192,0.7166741105488832,0.6583059662721421
0.4230839160261236,0.17900000000000002,0.020366522734387518,0.7167006334829997,0.6564267236791969
0.4242640687119285,0.18,0.02018777811386667,0.7174535975368074,0.6549195508468518
0.42544094772365293,0.181,0.01991193810255064,0.7175623689615671,0.6537295639460343
0.4266145801540308,0.18199999999999997,0.019877822929375157,0.7168327740834533,0.6517844266723436
0.42778499272414877,0.18300000000000002,0.01974672834087393,0.7150108272284408,0.6501498442122816
0.4289522117905443,0.184,0.0196231780707286,0.7158536166229312,0.6484925712324268
0.4301162633521313,0.185,0.019539991424926285,0.7151077563455803,0.646695181843378
0.4312771730569565,0.18600000000000003,0.01944613291545447,0.7153912149976773,0.6449388923066164
0.43243496620879307,0.187,0.019283420133404703,0.7147943450290438,0.6433928826077158
0.433589667773576,0.188,0.01913352739780196,0.71500638468563,0.6418120133521311
0.43474130238568315,0.189,0.01897350014873649,0.7149473680047855,0.6402707957170881
0.43588989435406733,0.18999999999999997,0.018858747108140794,0.7151280697020461,0.6385741583015709
0.43703546766824314,0.191,0.01873495675307814,0.7146184621141606,0.6369079607558796
0.4381780460041329,0.192,0.018597545272074502,0.7147041351353255,0.6352846459471038
0.4393176527297759,0.19299999999999998,0.018531178528819324,0.7139903858728744,0.6334282006320834
0.4404543109109048,0.194,0.018408284885682347,0.7131141961626145,0.6317540161784292
0.44158804331639234,0.195,0.01816340695389474,0.7135914542141888,0.6304828783152582
0.4427188724235731,0.196,0.01805191883938006,0.7138222738269906,0.6287825231114582
0.4438468204234429,0.19699999999999998,0.017887734043743376,0.713958253558737,0.627248869580584
0.4449719092257398,0.19800000000000004,0.017955055105349265,0.7123692752189659,0.6249431156198105
0.44609416046390926,0.19900000000000004,0.017760389770498163,0.7125241143168826,0.623511539221663
0.4472135954999579,0.19999999999999998,0.017718915543472078,0.7121003212113534,0.6215580472514264
0.4483302354291979,0.20100000000000004,0.017561706864652252,0.7117186504642041,0.6199966549883793
0.44944410108488464,0.202,0.017366919797805504,0.7127132807908332,0.6185740251833456
0.4505552130427524,0.203,0.017318880565829965,0.712080810472631,0.6166337847582009
0.45166359162544856,0.20399999999999996,0.017167617097112273,0.710712845162732,0.6150628706342016
0.4527692569068708,0.205,0.017024350049229604,0.7120122213002789,0.6134611331057007
0.4538722287164087,0.20600000000000002,0.017055225991348143,0.7093643043087883,0.611238642519398
0.454972526643093,0.207,0.016840298344302354,0.7104916182801326,0.6098907087040986
0.45607017003965516,0.20799999999999996,0.016747222758085573,0.7096005133371753,0.6081053752263915
0.4571651780264984,0.209,0.01655885931366609,0.7102585651789506,0.6066567426412949
0.458257569495584,0.21,0.01649075349383316,0.7094763767777682,0.6047929121320699
0.4593473631142341,0.21100000000000002,0.01638643995354064,0.7092900581151292,0.6030397874432257
0.4604345773288535,0.212,0.01626539475066049,0.7095280388908327,0.6013657796838902
0.46151923036857306,0.21300000000000002,0.016119632144593367,0.7098430133495076,0.5997611313561075
0.4626013402488151,0.214,0.016102132635175435,0.7083904993561848,0.5977055711090218
0.4636809247747852,0.215,0.015963009734142563,0.7088778711967426,0.5960810619572443
0.46475800154489,0.21599999999999997,0.015755101033337132,0.7080405780347143,0.5947116510557334
0.4658325879540846,0.21699999999999997,0.015639547851249127,0.7090098815008072,0.5930060421578159
0.4669047011971501,0.21800000000000003,0.015557242877350328,0.7083471371511709,0.5911792667125038
0.4679743582719036,0.21899999999999997,0.015436443044171693,0.7089533186116384,0.5894800723705763
0.469041575982343,0.22000000000000003,0.015334248989036363,0.7084312183061462,0.5877211830320507
0.47010637094172636,0.22100000000000003,0.015227564687605454,0.7063735715780345,0.5859877789489067
0.47116875957558985,0.22199999999999998,0.015103041741538861,0.7072126707894224,0.5843105962569773
0.4722287581247038,0.22299999999999998,0.015029489431864523,0.7070588946390943,0.5824480100024241
0.4732863826479693,0.224,0.014921152075424821,0.7069582159832907,0.5807004462390286
0.4743416490252569,0.22499999999999998,0.014832922146868818,0.7059035844232673,0.57889023086363
0.4753945729601885,0.22599999999999998,0.014677187155899302,0.7063413746743367,0.5773259026008234
0.47644516998286385,0.22700000000000004,0.014562802173753902,0.7061836352127595,0.5756258405225796
0.4774934554525329,0.22800000000000004,0.014512122899531228,0.7064366978253974,0.5736555662698114
0.47853944456021597,0.229,0.014358708112940871,0.7054272902770399,0.5720864376312006
0.47958315233127197,0.23,0.014313179864788498,0.705643051589294,0.5700999212473904
0.48062459362791665,0.231,0.014091488097470174,0.7058516161586617,0.5688102436724175
0.48166378315169184,0.232,0.014041775632194461,0.7053215371437477,0.5668367539344096
0.4827007354458868,0.233,0.013946391025929433,0.7039225352761247,0.5650464607194429
0.48373546489791297,0.23399999999999999,0.013907412357201976,0.7040538837114797,0.5630207553722543
0.4847679857416329,0.235,0.013657759738255245,0.7056859168719906,0.5618526103283265
0.48579831205964474,0.236,0.013633029148954933,0.7041357027769207,0.5597673068934962
0.4868264577855234,0.23700000000000002,0.013580365141290612,0.7037820685381716,0.5578038110577085
0.4878524367060187,0.23799999999999996,0.013362170111330316,0.7053363433970208,0.5565048356269252
0.48887626246321264,0.23899999999999996,0.013376083607905057,0.7038481388899841,0.5542509518117823
0.4898979485566356,0.24,0.013260190944795506,0.7026444638710997,0.5525397598064603
0.4909175083453431,0.241,0.013121108661765519,0.7037785695674414,0.5509238176170397
0.4919349550499537,0.242,0.012966006633274128,0.7035917693607948,0.5493793138724172
0.4929503017546495,0.243,0.012869822543062638,0.7034351533568243,0.5475799883233196
0.4939635614091388,0.24400000000000002,0.012833066734455362,0.7025367916918113,0.5455276091390994
0.4949747468305833,0.24500000000000002,0.01264314656858158,0.703935148973438,0.5441372924539823
0.49598387070548977,0.246,0.012541037922231367,0.7034872332403751,0.5423698859744978
0.4969909455915671,0.247,0.012500191206066614,0.702523882083284,0.5403258208780983
0.4979959839195493,0.248,0.012341140564586586,0.7030350629594766,0.5388078953851381
0.498998997994986,0.24900000000000003,0.012289856314318743,0.7020820927133496,0.5368053413900994
0.5,0.25,0.012129278735295177,0.7027197955694962,0.5352952404379335
0.5009990019950139,0.25099999999999995,0.01213454508517514,0.7004415655244018,0.5330464999135511
0.5019960159204453,0.25199999999999995,0.012007831403309993,0.7009824639864474,0.5313871197000745
0.5029910535983717,0.25300000000000006,0.011886345868806712,0.7024915152008371,0.5296904007115012
0.5039841267341661,0.25400000000000006,0.011857477128669325,0.7002377217896005,0.5275841958577976
0.5049752469181039,0.255,0.011702494369477017,0.701372086321861,0.5260559610196933
0.5059644256269407,0.25599999999999995,0.011596269508507544,0.7010604854921212,0.524288896804278
0.5069516742254631,0.257,0.01156469104382067,0.7002878366250853,0.5222034074789458
0.5079370039680118,0.258,0.011439167382655819,0.7008023713174076,0.5205352647467477
0.5089204259999789,0.259,0.011314124961995516,0.7002258156855043,0.5188598975338454
0.5099019513592785,0.26,0.01119043436798997,0.7005670375783073,0.517183558687008
0.5108815909777921,0.261,0.011076891169300232,0.7007910253430305,0.5154683913457083
0.5118593556827891,0.26199999999999996,0.011115553464676938,0.6991543256545156,0.5130262081755262
0.5128352561983234,0.26299999999999996,0.011004521154865412,0.6984857131912681,0.5112916593439135
0.5138093031466052,0.26400000000000007,0.010839549662630194,0.7002581880002662,0.5098085043139694
0.51478150704935,0.26499999999999996,0.010726830566617555,0.6995765232673296,0.5080846079091932
0.5157518783291051,0.266,0.010688326863983286,0.6984536283008699,0.5060017166241668
0.5167204273105526,0.267,0.010567988588434099,0.6988491938601911,0.5043109924675421
0.5176871642217914,0.268,0.010492773168804806,0.698826665600778,0.5024150963229321
0.5186520991955976,0.269,0.010391758936344466,0.698467277169858,0.5006223025852726
0.5196152422706632,0.2700000000000001,0.010326470121274621,0.6981816755200585,0.4986699620153171
0.5205766033928149,0.2710000000000001,0.010218701190099877,0.698512613568353,0.49691755946304456
0.521536192416212,0.2720000000000001,0.010135312441281682,0.6966612787246121,0.4950513470417522
0.5224940191045253,0.2730000000000001,0.01001764530853135,0.6976485245273119,0.4933574688805407
0.523450093132096,0.27399999999999997,0.009965762636381896,0.6974700052357276,0.49132375052690386
0.5244044240850758,0.275,0.009847243612239792,0.697636712895366,0.48962173422088034
0.5253570214625479,0.276,0.009740006718345257,0.6973238191843858,0.4878783654255627
0.5263078946776307,0.277,0.00967761027487713,0.6975082394761765,0.48590053941012346
0.5272570530585627,0.278,0.009612910735512677,0.6964784991596035,0.48393491520916815
0.5282045058497703,0.279,0.00947238812778679,0.6975504838929412,0.48235127633915226
0.5291502622129182,0.28,0.009408285960422537,0.6969892806160172,0.48038137130806235
0.5300943312279429,0.2810000000000001,0.009296665827086782,0.6972093295897378,0.4786519075934942
0.5310367218940701,0.282,0.009189880787256941,0.6972788443375231,0.4769043271493794
0.5319774431308154,0.2829999999999999,0.009177451735407812,0.696067635115867,0.4746561710068212
0.532916503778969,0.2839999999999999,0.00906592949443754,0.6958173154936832,0.47293459767480456
0.5338539126015656,0.285,0.008985779638100407,0.6968132047079677,0.4710419463297525
0.5347896782848375,0.286,0.008913780852047018,0.6949122277414611,0.46910294185175844
0.5357238094391549,0.2869999999999999,0.008815098644544144,0.6960883549746347,0.467314966969603
0.5366563145999496,0.28800000000000003,0.008740891532857389,0.695025720912472,0.4653866745946119
0.5375872022286244,0.2889999999999999,0.008635016150920907,0.6960649529902183,0.46363556547167317
0.5385164807134504,0.29,0.008565413802426406,0.6953510076286609,0.46168350996842794
0.5394441583704471,0.29100000000000004,0.008494442067385513,0.6949247945870486,0.4597469030942476
0.5403702434442518,0.2919999999999999,0.008367177105691868,0.6955965712881954,0.458108261480327
0.5412947441089743,0.2929999999999999,0.00833205775576026,0.6942524190947947,0.45596341273265123
0.5422176684690383,0.29399999999999993,0.008285159440236122,0.6941579897574968,0.45388089901968476
0.5431390245600107,0.29499999999999993,0.008150203587809551,0.6950542178503812,0.45229719241496913
0.5440588203494178,0.29600000000000004,0.008106763115745735,0.6936667413034847,0.4501946070009774
0.5449770637375485,0.297,0.00801276672154867,0.694649725497687,0.4483781436689851
0.5458937625582472,0.29799999999999993,0.00791432308091373,0.6948929167352025,0.4465879314344602
0.5468089245796927,0.299,0.007820840896228464,0.6947084952343394,0.4447750259516084
0.5477225575051661,0.29999999999999993,0.007788243675647991,0.6926332299934816,0.44259702859400957
0.5486346689738081,0.301,0.007717503030735361,0.6931306106391426,0.4406433444136184
0.5495452665613635,0.30200000000000005,0.007560436184780004,0.6954700918588019,0.43920205468552403
0.5504543577809153,0.30299999999999994,0.007562615759661201,0.6923790373019675,0.4368248122521584
0.5513619500836089,0.304,0.007499626291683467,0.6925853381930389,0.4348239254268004
0.552268050859363,0.305,0.007402561751031613,0.6921372839272648,0.4330309184158539
0.5531726674375732,0.30599999999999994,0.007338985620176534,0.6921271781171591,0.4310299965989346
0.5540758070878027,0.30699999999999994,0.007237522628168785,0.6928747821704523,0.42926916432826967
0.5549774770204643,0.308,0.007164277874155389,0.6931168752190787,0.42732047349838714
0.5558776843874919,0.309,0.007065175340758081,0.6940905417689183,0.42554953784745986
0.5567764362830022,0.31000000000000005,0.006964778977845885,0.6938614398844205,0.42378923952301445
0.5576737397439474,0.311,0.0069376793102771004,0.6922603022605589,0.42154769895664984
0.5585696017507576,0.312,0.006886586818241695,0.6910048720569181,0.4194730864550779
0.5594640292279746,0.31299999999999994,0.006796615127536352,0.6916993954800953,0.41764373723024756
0.5603570290448759,0.31399999999999995,0.006667392224300004,0.6939754119999907,0.41605689845904326
0.5612486080160912,0.315,0.0066391029494860775,0.691961463062468,0.413826812145526
0.5621387729022078,0.31599999999999995,0.006576304739805835,0.6912521642909067,0.4118244598150246
0.5630275304103699,0.317,0.006487157711199899,0.6925734542015838,0.4099973437634674
0.5639148871948674,0.318,0.006413972224663137,0.6918067623545094,0.40805109164493614
0.5648008498577175,0.31899999999999995,0.006345383579642631,0.6922728951355307,0.4060881249535244
0.565685424949238,0.32,0.006234283094591246,0.692841013575324,0.40440233133521275
0.5665686189686118,0.321,0.006171284180475984,0.6921823533800144,0.402394986216303
0.5674504383644443,0.322,0.006119813707863399,0.6918738743122169,0.4003159009600268
0.5683308895353129,0.323,0.006065624496210707,0.6912927183704842,0.3982475787968095
0.5692099788303083,0.32400000000000007,0.006003351027332881,0.69121609979299,0.39623091693924045
0.570087712549569,0.32500000000000007,0.005960974265206711,0.6903734169257725,0.39408533719935956
0.5709640969448079,0.32599999999999996,0.005865793960976909,0.6914635523476832,0.3923022159378298
0.5718391382198319,0.327,0.005792267022126022,0.6909941658809159,0.39037388647100957
0.5727128425310541,0.328,0.005711207770888092,0.6903540875402083,0.3884863755076007
0.5735852159879995,0.329,0.005665690231594022,0.6901861810361082,0.38635934284139156
0.5744562646538028,0.32999999999999996,0.00555763112471576,0.6904874658420023,0.3846752234428536
0.575325994545701,0.33099999999999996,0.0055728306604921314,0.6882956737407504,0.38209569857925646
0.5761944116355173,0.33199999999999996,0.0054553104421077355,0.6898515709310166,0.38048649829326003
0.5770615218501404,0.333,0.005412410446474219,0.6897721691996639,0.3783326159097486
0.5779273310719956,0.33399999999999996,0.005332573407168233,0.690452422202661,0.3764490001860567
0.5787918451395113,0.3350000000000001,0.00529663864948671,0.6891641769651902,0.3742332288469554
0.5796550698475775,0.33599999999999997,0.005212929454566718,0.6887823848708161,0.3723861710279207
0.5805170109479997,0.33699999999999997,0.005146373129926886,0.6894425891852349,0.37040277174049235
0.5813776741499453,0.338,0.005064966453846419,0.690016800139937,0.36853542506358733
0.5822370651203855,0.3390000000000001,0.005021754058985438,0.6893410911035946,0.3663765477941833
0.5830951894845301,0.3400000000000001,0.004955432218683068,0.6892469439532329,0.36439320704877004
0.5839520528262573,0.34099999999999997,0.004866167344428559,0.6900276542851199,0.36259326810259274
0.5848076606885378,0.342,0.004840444462609034,0.6895773588015901,0.3602975266006107
0.5856620185738529,0.343,0.00475691092055666,0.6891524186611073,0.35844835626605953
0.5865151319446071,0.3439999999999999,0.004674050618297527,0.6908546638448984,0.3566063318742238
0.5873670062235365,0.34500000000000003,0.004646736885935969,0.6882404100852493,0.35431315822817444
0.5882176467941097,0.346,0.004575767324048381,0.6872837776863445,0.35237483410770276
0.5890670590009256,0.347,0.004533654502205011,0.6881672384821647,0.3502102026337587
0.589915248150105,0.3479999999999999,0.004442418400452731,0.6894003055265755,0.34843327654090933
0.5907622195096771,0.3489999999999999,0.004418509547918614,0.6875109722689767,0.3461057734396329
0.5916079783099616,0.35,0.004355457820103719,0.687964508976601,0.34410677904639264
0.5924525297439449,0.3509999999999999,0.004304755422249301,0.6868478030513364,0.34199845542965096
0.593295878967653,0.352,0.0042242257143579355,0.6885001061418616,0.34014617657544677
0.5941380311005179,0.353,0.004160386339332912,0.6886490664224248,0.3381568989977271
0.5949789912257406,0.3539999999999999,0.004115767768001195,0.6871427232797898,0.33599943989672576
0.5958187643906492,0.3549999999999999,0.00407232665289673,0.6881363190151013,0.3338331913159613
0.5966573556070519,0.356,0.004004371275700993,0.6871652976898288,0.33188070039454426
0.5974947698515862,0.357,0.00394837961658864,0.6883570477356501,0.3298245000092209
0.5983310120660636,0.358,0.0038951895393461292,0.6878158754745307,0.32774542661924577
0.5991660871578097,0.35900000000000004,0.0038331933459643795,0.6882718568073473,0.3257337583993623
0.6,0.36,0.003782251772984455,0.6870497173003697,0.32364069523414174
0.6008327554319921,0.36100000000000004,0.0037324834325895184,0.6869951838146177,0.321523672833693
0.6016643582596529,0.362,0.0036891666834889536,0.6870243805470297,0.31935391388875595
0.6024948132556828,0.36300000000000004,0.003613527334466938,0.6874549463698205,0.31748748293289936
0.6033241251599343,0.36400000000000005,0.003563925238737135,0.6878004102931429,0.3153729445846979
0.6041522986797286,0.36500000000000005,0.0035132930585481917,0.6872817344363029,0.3132769367859466
0.6049793384901669,0.366,0.0034744757974872714,0.6862983095521892,0.31105764847616507
0.6058052492344383,0.36699999999999994,0.0034336584871568344,0.6859087308398022,0.30886176651136305
0.6066300355241241,0.36800000000000005,0.003382515841226324,0.6847007871748302,0.30676228241420506
0.6074537019394977,0.36900000000000005,0.0033161845326865396,0.6871871161249351,0.3048187071619978
0.6082762530298219,0.36999999999999994,0.003254836142956222,0.6867216745435447,0.3028288118750282
0.6090976933136424,0.37099999999999994,0.0032139026878843413,0.6862007725525158,0.3006301276812738
0.6099180272790763,0.37200000000000005,0.0031538288820935033,0.6863670833891317,0.2986362848617134
0.6107372593840988,0.37300000000000005,0.0031150702509907704,0.6856463644140846,0.2964106159082632
0.6115553940568262,0.374,0.003061923690417352,0.6866199392188294,0.294347662871636
0.6123724356957945,0.37499999999999994,0.003026952962887547,0.6853194306530246,0.29208463051427197
0.6131883886702356,0.37599999999999995,0.0029852919523462524,0.6847614826513597,0.28990521784605516
0.6140032573203501,0.37700000000000006,0.002941374650584599,0.6846898321723557,0.2877344582499562
0.6148170459575759,0.378,0.002854227720086343,0.6868861689467489,0.2860401075697288
0.6156297588648554,0.379,0.002817738277743594,0.6864405951253796,0.2838010320408727
0.6164414002968976,0.38,0.0027876861196794046,0.6842259811982906,0.2814905739127279
0.6172519744804386,0.38099999999999995,0.0027400134210395577,0.6854335250650361,0.27936933198847697
0.6180614856144977,0.38199999999999995,0.002692818202812268,0.6852545514709726,0.27724727105454244
0.618869937870632,0.38299999999999995,0.0026436177448478635,0.6849689413995594,0.2751542811200336
0.6196773353931867,0.384,0.0025917740376615096,0.6852931538730478,0.27308645924631747
0.6204836822995429,0.38500000000000006,0.002553023523433954,0.6851365356573877,0.2708718236827044
0.6212889826803627,0.386,0.002506597305564314,0.68478575842489,0.26874768390818116
0.6220932405998316,0.387,0.0024580757728395095,0.6853413262928645,0.2666496839181918
0.6228964600958975,0.388,0.002423509002387836,0.6859792649061084,0.26438547834617077
0.623698645180507,0.38899999999999996,0.0023934272632870858,0.6832777898125583,0.2620694540303086
0.6244997998398398,0.39,0.0023349770654796757,0.6850867716268545,0.26010169749251466
0.6252999280345393,0.39099999999999996,0.0022979970636588603,0.6840315765591772,0.2578624518379461
0.6260990336999411,0.392,0.0022555882358291286,0.6837924646708592,0.25570293316003356
0.6268971207462992,0.39300000000000007,0.0022081549581874616,0.6854810598556008,0.25360336452575233
0.6276941930590086,0.394,0.0021626952071444653,0.685182552277389,0.2514849721284371
0.6284902544988268,0.3950000000000001,0.0021229342203893204,0.6842687227234854,0.24929076671494244
0.6292853089020909,0.39599999999999996,0.002085184132883466,0.6841550387774097,0.2470779235613556
0.6300793600809346,0.397,0.0020477092235017457,0.6852338413925754,0.24486192340728116
0.6308724118235002,0.398,0.002009605740521055,0.6833963435298966,0.24264845745580155
0.6316644678941503,0.3990000000000001,0.0019775728153104692,0.6837453725497313,0.2403648888775288
0.6324555320336759,0.4,0.0019309612251557653,0.6840715636080996,0.2382712406819825
0.6332456079595026,0.401,0.0018883247442832163,0.6841345442756218,0.2361331446895014
0.6340346993658943,0.40199999999999997,0.0018501581131667845,0.6845537024049295,0.23393281522893108
0.6348228099241552,0.4030000000000001,0.001817859167587954,0.6842055199623304,0.23164779044249154
0.6356099432828282,0.404,0.0017793862066823186,0.6841432102953818,0.22946071059481482
0.6363961030678927,0.40499999999999997,0.001743247984828905,0.6827981064313539,0.22723332223566986
0.6371812928829597,0.406,0.0017016133194659468,0.683689561408805,0.22509560055466327
0.6379655163094632,0.4069999999999999,0.0016725709612578701,0.6823974173916068,0.22276984308778747
0.6387487769068525,0.40800000000000003,0.0016348881243859214,0.6835958819745396,0.22057840095011466
0.6395310782127792,0.4089999999999999,0.001595876789620052,0.6845307881626342,0.21840587750515142
0.6403124237432849,0.41000000000000003,0.0015645525788170866,0.6821996804270332,0.21612233604149006
0.6410928169929843,0.41100000000000003,0.0015343125073349181,0.6822044128683754,0.21382512450812377
0.6418722614352484,0.4119999999999999,0.0014987476422852872,0.682709701461391,0.2116061166538408
0.6426507605223851,0.413,0.0014608926106965021,0.6834766784470068,0.20943260400319513
0.6434283176858164,0.4139999999999999,0.0014267478177165515,0.6835585860687883,0.2072010152474085
0.6442049363362563,0.41500000000000004,0.001405259695343519,0.6810510477912345,0.20476581482064843
0.644980619863884,0.41600000000000004,0.0013578386726444442,0.6841250933470794,0.2027619086403559
0.6457553716385176,0.417,0.0013237321771581256,0.6840314466707625,0.20053971782200075
0.6465291950097846,0.41800000000000004,0.0012942004746403655,0.6839528187782219,0.1982423740690165
0.6473020933072903,0.41899999999999993,0.0012696057247332823,0.6821484383366033,0.1958627801997965
0.648074069840786,0.41999999999999993,0.0012358866929716565,0.6835403379108951,0.19364456595290136
0.6488451279003333,0.42099999999999993,0.0011995886037784664,0.6835733458534303,0.1914775858199998
0.6496152707564686,0.42200000000000004,0.0011742245920599206,0.6823510326963375,0.18911978328684512
0.650384501660364,0.423,0.001139890612725778,0.6831821086573303,0.18692546005463948
0.6511528238439882,0.42399999999999993,0.0011090747398827432,0.6826721068456019,0.18467390250140864
0.6519202405202649,0.425,0.0010847497746537581,0.6819879008221353,0.1823008387645545
0.6526867548832288,0.426,0.0010534160264978538,0.683446415997824,0.18006571815293557
0.6534523701081816,0.42699999999999994,0.0010298099158292365,0.6815909101632427,0.17768405235901788
0.6542170893518451,0.42800000000000005,0.0009996048262163292,0.6820087508490441,0.1754320134742938
0.6549809157525126,0.429,0.0009740778822587041,0.6830025821525689,0.17309751942276552
0.6557438524302001,0.43,0.0009444112957611079,0.6829475089429408,0.17084825174100537
0.6565059024867941,0.431,0.000919555379172184,0.6813650659706328,0.16850180197261444
0.6572670690061994,0.43200000000000005,0.0008926860439871148,0.6819511190912356,0.16620477009318166
0.6580273550544841,0.43300000000000005,0.0008648538430942321,0.6823306299174248,0.1639326656944952
0.6587867636800242,0.43400000000000005,0.0008362956960001826,0.6827653380183888,0.16168010899470328
0.6595452979136459,0.43499999999999994,0.0008115029425440666,0.6830364695408025,0.1593535611628895
0.6603029607687672,0.43600000000000005,0.000787283276188991,0.6826930898188466,0.15701830365350639
0.6610597552415364,0.437,0.0007646151581857186,0.6819884456488403,0.154650829701495
0.6618156843109719,0.43800000000000006,0.0007391088945965487,0.6829124631185723,0.15235374371629867
0.6625707509390978,0.43899999999999995,0.0007155413990101944,0.6822261729869746,0.15001493767358157
0.6633249580710799,0.43999999999999995,0.0006917453503870598,0.6831359152009296,0.14769529756355224
0.6640783086353597,0.441,0.0006736093366013055,0.6812545724010123,0.14523494247948351
0.6648308055437865,0.44200000000000006,0.0006473416324821808,0.6814613593818177,0.14298144688221423
0.6655824516917495,0.443,0.0006251646522687572,0.6831127394744138,0.14063382531494617
0.6663332499583072,0.44399999999999995,0.0006018251366182385,0.6829150453415183,0.13832050323166867
0.6670832032063166,0.44499999999999995,0.0005813756446090679,0.6830464869647334,0.1359424273203281
0.66783231428256,0.44599999999999995,0.0005617803532005626,0.6824236896688821,0.1335431327322325
0.6685805860178712,0.44700000000000006,0.0005397141082042449,0.6823338595437322,0.13121889327787345
0.6693280212272604,0.448,0.0005216323429351,0.6818768165429787,0.12879156488020962
0.6700746227100381,0.44899999999999995,0.0005001710720409091,0.6820113126181457,0.1264661007777104
0.6708203932499369,0.45,0.0004833269009274834,0.6807724394416265,0.1240153391409131
0.6715653356152326,0.45099999999999996,0.000461862448182299,0.6808641869714775,0.1217066908531297
0.6723094525588644,0.45199999999999996,0.0004437319997482823,0.6814993653996608,0.11930638993012069
0.6730527468185536,0.45300000000000007,0.0004255356126424586,0.6816970725680506,0.11691362180835674
0.6737952211169207,0.45400000000000007,0.00040714340370393123,0.6823247993333155,0.11453798453226187
0.6745368781616021,0.45500000000000007,0.00038918273280684555,0.6813206432689104,0.11215720954731821
0.6752777206453653,0.456,0.00037279690748636595,0.6821308719141541,0.1097321734529401
0.6760177512462229,0.4570000000000001,0.00035613089308312955,0.6814642462112239,0.1073267034327255
0.6767569726275452,0.45799999999999996,0.00033944008878375746,0.6812260120505657,0.10492928679575136
0.677495387438173,0.4590000000000001,0.0003238065772780023,0.6808106923127699,0.10250658085082116
0.6782329983125268,0.46,0.0003070092607723626,0.6824974960844509,0.10013515208774414
0.6789698078707183,0.4610000000000001,0.0002935574509032472,0.6815153383772539,0.09764835109299477
0.6797058187186572,0.4620000000000001,0.0002774746661460019,0.6816997700689824,0.0952733359240277
0.68044103344816,0.46299999999999997,0.0002626899146100541,0.681514682706224,0.0928607869447549
0.6811754546370561,0.4640000000000001,0.0002497659146706365,0.6816066739831361,0.09038202820721153
0.6819090848492928,0.465,0.0002361737749333945,0.6808141629809852,0.08794209822000955
0.6826419266350405,0.4660000000000001,0.000221921914693226,0.6815862651548753,0.08554519976018252
0.6833739825307955,0.467,0.00021040214016727448,0.6804626537127709,0.08303823903771022
0.6841052550594828,0.4680000000000001,0.00019725260765363997,0.681226420409067,0.08061939503477761
0.6848357467305572,0.469,0.00018450807800778686,0.6809480123331438,0.07819756655123153
0.6855654600401044,0.47000000000000003,0.00017296813652739016,0.6814301366284911,0.0757315086160204
0.6862943974709396,0.471,0.00016142865956249915,0.681287158447321,0.07328018320460436
0.6870225614927067,0.4719999999999999,0.0001506919152751244,0.6820541338518091,0.07080301330733098
0.687749954561976,0.473,0.00013975607635034848,0.6812933722110623,0.06835353447180165
0.6884765791223402,0.4739999999999999,0.00012988022836538492,0.6805755768217315,0.06586064088571693
0.689202437604511,0.475,0.00011942046034837667,0.68298024859581,0.06342480927516576
0.6899275324264136,0.476,0.00011052082257576733,0.6821839466598177,0.06091103259380353
0.6906518659932803,0.47700000000000004,0.00010192614223415535,0.6806313687683377,0.05839581907784984
0.6913754406977441,0.4779999999999999,9.358982543576229e-05,0.6807038589224957,0.05588065207621865
0.692098258919931,0.4789999999999999,8.496941328903873e-05,0.6809458133189729,0.05340993760169903
0.6928203230275509,0.48,7.699452442206957e-05,0.6813197831568919,0.05091718946204121
0.6935416353759881,0.48100000000000004,6.944349866081912e-05,0.68139930219537,0.04841639033043488
0.6942621983083913,0.48200000000000004,6.252965487139585e-05,0.6810419167983041,0.04589080938778854
0.6949820141557621,0.48299999999999993,5.56960341278838e-05,0.6806644741335158,0.043386835808553535
0.6957010852370434,0.484,4.9185520323700864e-05,0.6811541252706091,0.04088593482786406
0.6964194138592059,0.48499999999999993,4.351244169757348e-05,0.6805328261338319,0.03833402248691769
0.697137002317335,0.48599999999999993,3.777049402885716e-05,0.6814564940347474,0.03582502292959236
0.697853852894716,0.48699999999999993,3.242872642844046e-05,0.6807150694703455,0.0333123222922392
0.6985699678629192,0.48800000000000004,2.7680674088887105e-05,0.6814694512087661,0.030769887667336734
0.6992853494818835,0.48899999999999993,2.3328286472599702e-05,0.6805800206229244,0.028220885980048405
0.7,0.48999999999999994,1.92417946092063e-05,0.6818717343863168,0.025684051716884846
0.700713921654194,0.49099999999999994,1.5582813439437903e-05,0.6819004173936948,0.02313656431304868
0.7014271166700072,0.49199999999999994,1.2320272617612139e-05,0.6810021786614717,0.02058258539598693
0.7021395872616784,0.49300000000000005,9.455969746388705e-06,0.6799991081534549,0.018020291841219855
0.7028513356322231,0.49399999999999994,6.9257782422959214e-06,0.6801620005323132,0.015465975834236468
0.7035623639735145,0.49500000000000005,4.803184449649179e-06,0.6808749872161745,0.012901595557762904
0.7042726744663603,0.49599999999999994,3.08177631669756e-06,0.6805923321073385,0.010327518115889663
0.7049822692805827,0.49700000000000005,1.730801547894767e-06,0.6816544361783854,0.007753885696564095
0.705691150575094,0.498,7.673605240291815e-07,0.6813973281729172,0.005175477540717513
0.7063993204979744,0.49899999999999994,1.9179602168741817e-07,0.680290426735003,0.0025900996753359055
0.7071067811865476,0.5000000000000001,2.0863311078755942e-16,0.6814667102237366,0.0
0.7078135347674556,0.501,1.931220457031313e-07,0.6795434257652684,0.0025880069104503955
0.708519583356734,0.502,7.699821733359369e-07,0.6805922359141269,0.005173357242670135
0.7092249290598858,0.503,1.7428716171448479e-06,0.6793311825893991,0.007747405417617017
0.7099295739719539,0.5039999999999999,3.0783746367696873e-06,0.6818309010860896,0.010328790691057733
0.7106335201775947,0.5049999999999999,4.803176037751056e-06,0.6818683646272831,0.012901671040715592
0.7113367697511496,0.506,6.942760336387955e-06,0.680491136548489,0.015461236179285985
0.7120393247567159,0.507,9.425488455733823e-06,0.6809831433975141,0.018027819152086247
0.7127411872482184,0.508,1.2338969260686296e-05,0.6809629884542893,0.020579055174541144
0.7134423592694787,0.509,1.5561602936954455e-05,0.6813678082378961,0.023140324174636302
0.714142842854285,0.51,1.9340162511129202e-05,0.6807370970902269,0.025668520801398694
0.7148426400264607,0.5110000000000001,2.3306894164060123e-05,0.6809448489845007,0.02822421166133783
0.7155417527999327,0.512,2.7862177495094975e-05,0.680734923191346,0.030746168469159084
0.7162401831787993,0.513,3.262165429863707e-05,0.6819442064241605,0.03328768581907599
0.7169379331573968,0.514,3.780201834609709e-05,0.6806365871378018,0.035821912141476966
0.7176350047203662,0.515,4.3309201888436424e-05,0.6814793370363339,0.03835511493452023
0.7183313998427189,0.516,4.941472877251952e-05,0.6801497294585002,0.040862615386033786
0.719027120489902,0.5170000000000001,5.583042448036343e-05,0.6805660229646351,0.04337491023357443
0.7197221686178633,0.518,6.23418717571729e-05,0.6805541647500942,0.04590706435210325
0.720416546173115,0.5189999999999999,6.922547125766389e-05,0.6811082049196718,0.04843489125256218
0.7211102550927979,0.5200000000000001,7.701540731062516e-05,0.6807952384385234,0.05091567563118931
0.7218032973047436,0.521,8.494904188344761e-05,0.6809614632711462,0.053410569224520386
0.7224956747275377,0.522,9.281415641953176e-05,0.6815353605755745,0.05593601707284364
0.7231873892705818,0.523,0.00010216476652163778,0.68010990936303,0.058379270207850935
0.7238784428341544,0.5240000000000001,0.00011036429420038346,0.6819692530992129,0.06092108075404764
0.724568837309472,0.525,0.00012022476069355554,0.6815785548680281,0.06337593122577792
0.7252585745787499,0.5260000000000001,0.0001298963527897431,0.6817885758879434,0.06586191584978994
0.7259476565152615,0.5270000000000001,0.00014046620611256563,0.6813418148631786,0.06831443152012413
0.726636084983398,0.528,0.0001505563319824293,0.6816331300746157,0.07081162990473513
0.7273238618387272,0.5289999999999999,0.00016106072514780693,0.6822639855588708,0.07329918143770353
0.7280109889280518,0.53,0.00017451809346886673,0.6801294584639213,0.07565101418048786
0.7286974680894672,0.5310000000000001,0.00018636667367317653,0.6793355891628134,0.07810488853393716
0.7293833011524188,0.532,0.00019674107785305991,0.6818725914859166,0.08064475147403738
0.7300684899377592,0.533,0.00020967615532655235,0.6808793730394784,0.08307297171041471
0.7307530362578044,0.534,0.00022198091768378824,0.6827090124351497,0.08554348276518171
0.7314369419163897,0.5350000000000001,0.00023590404004336315,0.6809381778981927,0.08795626551846791
0.7321202087089251,0.5360000000000001,0.00024899167612621177,0.6815980016989903,0.09041613531252407
0.7328028384224504,0.537,0.0002632297392579333,0.6808846274511384,0.09284031547507625
0.73348483283569,0.5380000000000001,0.00027849020455056914,0.681850363374894,0.09523484704732554
0.7341661937191061,0.539,0.0002924492332235877,0.6820411235986298,0.09769078102678498
0.7348469228349535,0.54,0.00030813307598582244,0.6814934597295769,0.10009309339694313
0.7355270219373317,0.5409999999999999,0.0003228876423746175,0.6823236782028638,0.10254162521113756
0.7362064927722385,0.542,0.0003397906857829583,0.6808403394004575,0.10491691418626431
0.7368853370776216,0.543,0.00035722633849009065,0.6799620449891717,0.10728860570065057
0.737563556583431,0.544,0.00037490486687938426,0.6813930775062604,0.10966094867832955
0.73824115301167,0.545,0.00039235701054168387,0.6809377601361816,0.11205222829515378
0.7389181280764466,0.546,0.00040725568746341674,0.6815244555907688,0.11453552485632675
0.7395944834840239,0.5470000000000002,0.0004261297241496756,0.682044269792309,0.11689500764806685
0.7402702209328699,0.5479999999999999,0.00044210678787249126,0.6830538811985623,0.11935410622907391
0.7409453421137082,0.5490000000000002,0.00046331263740048787,0.6806623685487965,0.12166277026774819
0.7416198487095663,0.55,0.0004833254122870436,0.6811786611191242,0.12401437210016095
0.7422937423958255,0.551,0.0005016762221765021,0.6804784567952581,0.12642410454276376
0.7429670248402684,0.552,0.0005210695031205611,0.6815172490124825,0.12880738489483626
0.7436396977031283,0.553,0.0005410477718609184,0.6812438344207905,0.1311820889106084
0.7443117626371358,0.554,0.0005638769241611084,0.6811886577144386,0.133489437403705
0.744983221287567,0.555,0.0005834133907348111,0.6817198149614407,0.13588657900210654
0.74565407529229,0.556,0.0006055170375921851,0.6806528100189082,0.13822629808175668
0.7463243262818117,0.557,0.0006252723301922604,0.6823408934044747,0.1406291588889869
0.7469939758793239,0.5579999999999999,0.0006480873357710598,0.6820224670589063,0.1429646435440715
0.7476630257007498,0.559,0.0006717032237273271,0.6811628113724321,0.1452815064402447
0.7483314773547883,0.56,0.0006937218600745471,0.6822159223952883,0.14764626898831257
0.7489993324429602,0.561,0.0007164015711635915,0.6827092333281491,0.1499972108061054
0.7496665925596525,0.562,0.0007398264377843754,0.6814653530744673,0.15233758569957948
0.7503332592921628,0.563,0.0007605277116336032,0.6830045739008507,0.1547462423740006
0.7509993342207435,0.564,0.0007896124423122997,0.682424504871096,0.1569649466929176
0.7516648189186453,0.5649999999999998,0.0008162475000195134,0.6818284221955104,0.1592470656537175
0.752329714952161,0.566,0.0008373229127848661,0.6832266420487246,0.16165808202643658
0.7529940238806679,0.567,0.0008676681359567673,0.6814409420044811,0.16387065075272084
0.7536577472566709,0.5680000000000001,0.0008935581599784296,0.6818691480328655,0.1661870793892202
0.7543208866258444,0.569,0.000915986377996735,0.6825691679788652,0.1685808869000083
0.7549834435270749,0.57,0.0009441913113824148,0.6826457011985021,0.17085224105478874
0.7556454194925024,0.571,0.000975498263156841,0.681674233978895,0.173068408448168
0.7563068160475614,0.572,0.000995114367189382,0.6837245043946063,0.1755231579620171
0.7569676347110225,0.573,0.0010308683567110271,0.6809895358839643,0.1776654890682295
0.7576278769950324,0.574,0.0010585653404508349,0.6825843561184224,0.1799664834067599
0.758287544405155,0.575,0.0010861166049152822,0.681000817445623,0.18227775294730508
0.758946638440411,0.576,0.0011086389726131106,0.6836845957967511,0.18468174556060468
0.7596051605933177,0.5770000000000001,0.0011397996830509324,0.6835088004651464,0.1869290185285991
0.7602631123499285,0.578,0.0011699457537080152,0.6831999943027464,0.1891945692503419
0.7609204951898719,0.579,0.0011988467964651555,0.6842133578042714,0.1914913754627216
0.7615773105863908,0.58,0.0012305300445014243,0.6839800470266022,0.19373973832863384
0.7622335600063802,0.581,0.001267118460255508,0.6827494321151361,0.19590726982340045
0.762889244910426,0.582,0.0012977737850302798,0.683441653495689,0.19818240084231528
0.763544366752843,0.583,0.001323181834101945,0.6840262838840159,0.2005487047265409
0.764198926981712,0.584,0.001363952350997473,0.6835268906918842,0.20265768271698484
0.7648529270389177,0.585,0.0013865444641528299,0.6834886314808557,0.20507547640656926
0.7655063683601855,0.586,0.0014290032756390596,0.6823116624194353,0.20716428233725107
0.7661592523751182,0.587,0.001465298935084658,0.6816462351892789,0.2093631194188496
0.7668115805072325,0.588,0.0014970949325210639,0.6832706684777043,0.21163595415436698
0.7674633541739957,0.589,0.0015335833073402846,0.6822835433349032,0.21383421219063445
0.7681145747868608,0.5900000000000001,0.0015696784482557285,0.6830295184824345,0.2160481508171782
0.7687652437513027,0.5909999999999999,0.001592028075202726,0.6828940016752022,0.21846468198758026
0.7694153624668538,0.5920000000000001,0.0016337884042115882,0.6836327950333458,0.22059484552804498
0.7700649323271382,0.593,0.0016737284313427779,0.6835001300883193,0.22275583603413784
0.7707139547199077,0.5939999999999999,0.0017086808085406567,0.6835509911254559,0.2249911119037419
0.7713624310270756,0.595,0.0017272965314489245,0.6855964603356701,0.22746779457445476
0.7720103626247513,0.596,0.0017793119886974965,0.683004962017139,0.22945997667676934
0.7726577508832743,0.5969999999999999,0.001818022980821587,0.6829610157578767,0.23164877410264512
0.7733045971672482,0.598,0.0018553551028498174,0.6837331009699035,0.23385709802517043
0.7739509028355739,0.599,0.0018972714797233772,0.6830005915064354,0.23600779234913394
0.7745966692414834,0.6000000000000001,0.001933633131113166,0.6834421807762605,0.23823827537307274
0.7752418977325722,0.601,0.001966581170394036,0.6836277770947352,0.24051485085744748
0.7758865896508329,0.602,0.001997527325041097,0.6856704816360049,0.2428107009716106
0.776530746332687,0.603,0.0020518309640874042,0.6837022070196657,0.24480500917554654
0.7771743691090179,0.6040000000000001,0.002084867265436735,0.684099648109549,0.24708359325291646
0.7778174593052023,0.605,0.0021220082735246572,0.6844624446761285,0.24930696751890535
0.7784600182411425,0.606,0.00217409769997892,0.6839258614634686,0.25133910758586997
0.7791020472312982,0.607,0.002215044034153489,0.6845484090109816,0.25351780680950103
0.7797435475847171,0.608,0.002241140917010896,0.6859865773391799,0.25588548906118913
0.7803845206050668,0.6089999999999999,0.002299266892787052,0.6838750327748985,0.25785163556250373
0.7810249675906654,0.61,0.0023391221783987076,0.6851777116559037,0.2600445530444216
0.7816648898345121,0.611,0.002380070644620475,0.6845883981012721,0.26223309988527477
0.7823042886243179,0.6120000000000001,0.002425766014261919,0.6850385245988411,0.26435824850652395
0.7829431652425354,0.6130000000000001,0.002473030827534712,0.6830621567823705,0.26647273795490756
0.7835815209663893,0.6140000000000001,0.0025060850059202343,0.6856007973681756,0.2687549343985279
0.7842193570679061,0.6150000000000001,0.0025633819031179303,0.6847022834009896,0.27074684336259996
0.7848566748139434,0.6160000000000001,0.002607004017162167,0.6841671404921004,0.2729093459278422
0.7854934754662193,0.617,0.002656469311912305,0.684813942040985,0.27500751591323075
0.7861297602813418,0.618,0.0026911064066737394,0.6850065872944657,0.277270239575513
0.7867655305108378,0.619,0.002726375782784794,0.6859922522256059,0.27952212360240497
0.7874007874011811,0.6200000000000001,0.002790866398225699,0.6860737828428509,0.2814541475288222
0.7880355321938218,0.621,0.002822445719137217,0.6861575592131423,0.2837493325932625
0.7886697661252141,0.6219999999999999,0.002870327741517982,0.6850232881000121,0.2858677129136272
0.7893034904268447,0.6230000000000001,0.002922455776242604,0.6856066302046662,0.2879418011832585
0.7899367063252599,0.6239999999999999,0.0029608178273669355,0.686234917102741,0.2901642198830318
0.7905694150420949,0.6250000000000001,0.003020974566184614,0.6858300500528431,0.2921527707627309
0.7912016177940993,0.6259999999999999,0.0030539697095687325,0.6856342406791545,0.29443275505077693
0.7918333157931662,0.627,0.00311953278151699,0.68547697615512,0.29636728849442173
0.792464510246358,0.628,0.0031635565594143856,0.6857121981109532,0.2985301229007173
0.7930952023559341,0.6290000000000001,0.0032163007777950905,0.6853741169139226,0.3006083355602211
0.7937253933193772,0.63,0.0032518663867985354,0.6866323862105281,0.30285676780560566
0.79435508432942,0.631,0.0033160308897172523,0.6870077777857376,0.3048180756061457
0.7949842765740717,0.6320000000000001,0.003370690585879167,0.6862572094849106,0.3068789125758249
0.7956129712366434,0.633,0.0034178869198358847,0.6862219279370276,0.30901303402913843
0.7962411694957753,0.6339999999999999,0.0034645073760350615,0.6878863409945694,0.31115514128586325
0.7968688725254613,0.635,0.0035069623382081604,0.6870061794688741,0.31333461283816944
0.7974960814950754,0.636,0.0035696138721060225,0.6867642896453976,0.31532028128814016
0.7981227975693966,0.6370000000000001,0.003625070031268662,0.6873927198419074,0.31737800415330436
0.7987490219086343,0.6379999999999999,0.003680631549273043,0.6876998544099423,0.31942943482276465
0.7993747556684537,0.6390000000000001,0.0037268746516182826,0.6859956224738044,0.3215739535015518
0.8,0.6400000000000001,0.003792924605887061,0.6869825602640183,0.3235423389372802
0.8006247560499238,0.641,0.003840880449006397,0.6867117074649033,0.3256714034526739
0.8012490249604052,0.642,0.003915563783685488,0.687020873095252,0.32756297363635273
0.8018728078691783,0.643,0.003951154359657464,0.6874025538285002,0.32980112343777335
0.8024961059095552,0.6440000000000001,0.0040266506068515175,0.6859979673621862,0.3316853132071088
0.8031189202104505,0.645,0.004071462017107891,0.6872028149644018,0.3338423034831613
0.8037412518964048,0.646,0.004120708216539909,0.6884699627160593,0.33595972661540735
0.8043631020876082,0.647,0.00418640077012194,0.6875168867914219,0.3379312457103861
0.8049844718999243,0.648,0.004257941628272223,0.6865002646018398,0.3398608724837159
0.8056053624449132,0.649,0.004291754133513343,0.6873071587024361,0.3421074962046239
0.806225774829855,0.6500000000000001,0.004369436929666358,0.6865330155372993,0.3439855818104352
0.8068457101577724,0.651,0.004403325192665249,0.6887917924105429,0.34622667803669555
0.807465169527454,0.6519999999999999,0.00445529975683949,0.6889487277860714,0.34832535829582684
0.8080841540334769,0.653,0.004529427796866216,0.6882539383066094,0.35023881478552626
0.8087026647662292,0.6540000000000001,0.004575658985718551,0.6892380646479322,0.35238093636947476
0.8093207028119322,0.6549999999999999,0.004647671417551344,0.689235492978833,0.35431341129561517
0.8099382692526635,0.6560000000000001,0.00469737405832109,0.68847704718552,0.3564223078821753
0.8105553651663778,0.6570000000000001,0.004753244864550547,0.6895447468400459,0.35847678736098954
0.8111719916269299,0.658,0.00481183545416769,0.6894510240175736,0.3605239774951055
0.8117881497040962,0.659,0.004888775152893103,0.6894099542912031,0.3624204662252001
0.812403840463596,0.66,0.004956795373153518,0.689924277790029,0.36438640202238615
0.8130190649671138,0.661,0.005018982407447678,0.689892890476016,0.3663979611594732
0.8136338242723197,0.6619999999999999,0.005089339574369721,0.6893029317498968,0.36834800548548147
0.8142481194328913,0.663,0.005124598918392937,0.6902073001876785,0.37057058522853464
0.8148619514985346,0.6640000000000001,0.005231765292452089,0.6881094915319752,0.37224175311347796
0.8154753215150046,0.665,0.005278663629355883,0.6896753870137782,0.37436801597697106
0.8160882305241266,0.666,0.005344098708260463,0.6889304355874907,0.37636177238015756
0.8167006795638168,0.6670000000000001,0.005399517434652775,0.6896980679821578,0.37842995314006556
0.817312669668102,0.668,0.005452640686224033,0.6905740379540585,0.3804989773758816
0.8179242018671412,0.6689999999999999,0.005531372112971965,0.6900346983018983,0.38240094116165146
0.8185352771872451,0.6700000000000002,0.005561721227787938,0.6917502744003797,0.3846440485697792
0.8191458966508958,0.671,0.005635527253287877,0.6907194555296364,0.38656943150870693
0.8197560612767679,0.672,0.005733921677002275,0.6909342999586564,0.38832299044722857
0.8203657720797474,0.673,0.005795299378531558,0.6910915247972117,0.39034362708747466
0.8209750300709517,0.6740000000000002,0.005881789260381392,0.6902420571673067,0.3921882757887563
0.8215838362577492,0.675,0.005937738300450429,0.6907891717889433,0.3942492803766332
0.8221921916437787,0.676,0.006027212119578984,0.6900915405424437,0.39607470575519416
0.8228000972289685,0.677,0.006077544472568544,0.6910861610366756,0.3981631032741433
0.8234075540095561,0.678,0.00613675792808177,0.6921789882891792,0.40019997179244104
0.8240145629781066,0.679,0.006186172153464768,0.6919375055938578,0.4022958677404454
0.8246211251235321,0.68,0.006301577363860865,0.6908041747852098,0.40394877892848474
0.8252272414311104,0.6810000000000002,0.00634948744849447,0.6911985152888176,0.40606100869870293
0.8258329128825032,0.682,0.006437096185557343,0.6917909043129251,0.4079008214950619
0.8264381404557755,0.683,0.006527360869806609,0.6919425171364139,0.4097281278460045
0.8270429251254133,0.684,0.006577598362050384,0.6917108554250683,0.41181586521549624
0.8276472678623424,0.685,0.006620527546702866,0.6928312717135343,0.4139621128689541
0.8282511696339463,0.686,0.00672793503485055,0.691138775339044,0.41567587841981496
0.8288546314040841,0.6870000000000002,0.006751802124865319,0.6931053785329422,0.4179212217585906
0.8294576541331088,0.688,0.006851902909805705,0.6925088473584642,0.4196904806159766
0.8300602387778853,0.689,0.0068956474465666035,0.6932327356106994,0.421820488781418
0.8306623862918074,0.69,0.007014577365467838,0.6923580188643543,0.42347198230044514
0.8312640976248162,0.6910000000000001,0.00708481214727903,0.6931370284887818,0.42542886350677556
0.8318653737234168,0.692,0.007136975767630377,0.6926930359307089,0.42749406332316714
0.8324662155306964,0.693,0.007239656561644684,0.6925402622026939,0.4292485332234565
0.8330666239863411,0.6939999999999998,0.007309461479266844,0.6933962131174483,0.4312127666277207
0.8336666000266533,0.6949999999999998,0.0074036081865006455,0.6928462253787449,0.4330172091699898
0.8342661445845684,0.696,0.007488234982282641,0.6916646430667238,0.43488673327854294
0.8348652585896721,0.6970000000000001,0.0075136807932998,0.6933251112985992,0.4371119877504914
0.8354639429682169,0.698,0.007595019977648834,0.6950946211254385,0.4390020557275917
0.8360621986431392,0.6990000000000001,0.007674503874696167,0.692750693619405,0.44089926179052835
0.8366600265340756,0.7000000000000001,0.007799364046672969,0.6934433628921163,0.44253716213133104
0.8372574275573791,0.7009999999999998,0.007834987856796125,0.6941423836933261,0.44468565886470196
0.8378544026261364,0.702,0.00793018741939088,0.6935446542471067,0.44650113381200707
0.8384509526501833,0.703,0.007993272846032263,0.6944700859098585,0.4484891293792398
0.8390470785361213,0.7040000000000001,0.00807848318555808,0.6941408638810991,0.45036656637591177
0.8396427811873333,0.705,0.008160658379122124,0.6939979536271768,0.4522362513719467
0.8402380615040002,0.706,0.008232157307170904,0.6960223780485116,0.4541825225359635
0.8408329203831163,0.707,0.008339571558877963,0.6949528459247425,0.4559185004477413
0.8414273587185052,0.708,0.008354401304217994,0.6962853268448601,0.45817893236873425
0.8420213774008354,0.7090000000000001,0.00848833668590266,0.6941042014004968,0.4597836792390134
0.8426149773176358,0.7099999999999999,0.008605879882113544,0.6939075853185771,0.4614696799559139
0.8432081593533117,0.711,0.008637048030322263,0.6958765379241859,0.46363111288109365
0.8438009243891594,0.712,0.008685140588714212,0.6957610779649633,0.4656944222290749
0.844393273303382,0.713,0.008834874080091306,0.6945940071555137,0.46720295936267375
0.8449852069711044,0.7140000000000001,0.008900156957255718,0.6955823119220934,0.46918298680141113
0.8455767262643882,0.7150000000000001,0.009015294836557223,0.6951689608769198,0.4708875830829012
0.8461678320522472,0.7160000000000001,0.009057360576536774,0.6958744228764774,0.47298829303626916
0.8467585252006619,0.7169999999999999,0.009161469128685186,0.696472090650025,0.4747487249174811
0.8473488065725944,0.718,0.00923874357131669,0.6957228794612733,0.4766459548516087
0.847938677028003,0.719,0.009323689593976857,0.695761117338523,0.47851733477451763
0.848528137423857,0.72,0.009371218889723542,0.6973876185242837,0.4805659203388165
0.8491171886141512,0.721,0.009519492776562092,0.6971805839826023,0.48211083526755427
0.8497058314499201,0.722,0.009625598155448962,0.6960163295968169,0.48387040856020697
0.8502940667792526,0.723,0.009722440981432642,0.6975641360001518,0.4856775016626264
0.8508818954473059,0.724,0.009815912311502691,0.6967212144082755,0.4874932430282149
0.85146931829632,0.7249999999999999,0.00988346215720034,0.6968041437043185,0.4894463673711714
0.8520563361656317,0.726,0.009977434596597107,0.6968243102879165,0.49126175479457007
0.8526429498916882,0.727,0.010044513462436497,0.6984578501646733,0.4932179713983748
0.8532291603080616,0.7279999999999999,0.010152536077983767,0.6973976431473616,0.4949685795215479
0.8538149682454624,0.729,0.010198225314277323,0.6985694262577663,0.4970153359494135
0.8544003745317531,0.73,0.010210002437171366,0.6997971553929083,0.4992355715334201
0.8549853799919622,0.7310000000000001,0.010383285348218783,0.6999580293468591,0.5006676553574329
0.8555699854482975,0.7320000000000001,0.01045609863033047,0.6984832775831114,0.5025929025428333
0.8561541917201597,0.733,0.010510184157161827,0.699904109474049,0.5045925733953002
0.8567379996241558,0.7339999999999999,0.01070955199730804,0.6989403919240642,0.5059102927142733
0.8573214099741123,0.735,0.010709733084926197,0.6990978673840013,0.5081629156418461
0.8579044235810886,0.736,0.010863639272636155,0.6983956667826997,0.5096895682740713
0.8584870412533901,0.737,0.010994401568596655,0.6992336432838251,0.5113412527046398
0.8590692637965812,0.7380000000000001,0.01101654219113562,0.6999644220402369,0.5134913187099858
0.8596510920134982,0.739,0.011095940267604949,0.7003874680993053,0.5153729783372196
0.8602325267042626,0.74,0.01116140700111724,0.7012537047490371,0.5173051678061961
0.8608135686662938,0.7410000000000001,0.011322968327714174,0.7008268825429025,0.518829018413901
0.8613942186943212,0.7420000000000001,0.011404481169335698,0.7002722014539561,0.5206856860032038
0.8619744775803979,0.7429999999999999,0.011502736877083726,0.6998079250125676,0.5224757312872763
0.862554346113913,0.7440000000000001,0.011560498827016376,0.7019106516773355,0.5244597353559275
0.8631338250816034,0.745,0.011749016445173373,0.7016378432136244,0.5258500623991358
0.8637129152675673,0.7459999999999999,0.011815913725219262,0.7012119670200806,0.5277639399452672
0.864291617453276,0.747,0.011956587334222574,0.7011570097417456,0.5293827754528407
0.8648699324175861,0.748,0.01203656954373327,0.7008440207631018,0.5312498199487399
0.8654478609367522,0.749,0.01208291886705057,0.7023508671508619,0.5332773297039803
0.8660254037844386,0.7499999999999999,0.012178507126636961,0.7014145711484133,0.5350799627554307
0.8666025617317318,0.751,0.012240704163924171,0.7025330102157256,0.5370206582984813
0.867179335547152,0.752,0.012438902956025712,0.7014278752868981,0.538380169489022
0.8677557259966655,0.753,0.012501892704390815,0.701291854197483,0.540324287601709
0.8683317338436964,0.7540000000000001,0.012667124863267041,0.7013682140677436,0.5418215112862192
0.8689073598491384,0.755,0.012680459968981258,0.7016195156274903,0.5439775328605383
0.8694826047713663,0.756,0.012787097931826065,0.7023319975263947,0.5457273856719834
0.8700574693662483,0.7570000000000001,0.01290476408972699,0.7034062848139815,0.5474308010166266
0.8706319543871567,0.7580000000000001,0.012980839870059706,0.703735743586612,0.5493170283354765
0.8712060605849801,0.759,0.013085998691021195,0.7040449149751797,0.5510591176468148
0.8717797887081347,0.7599999999999999,0.013194043360943932,0.7034068636847802,0.5528115159739863
0.8723531395025755,0.761,0.013328853303761292,0.703213174522906,0.5544495776308698
0.8729261137118078,0.7620000000000001,0.013399297060122292,0.7034922667191454,0.5563521694480628
0.8734987120768982,0.7629999999999999,0.013502251557680351,0.7032973699034496,0.5581123283975966
0.8740709353364863,0.764,0.013670224092160016,0.7038944577878973,0.5596133666080804
0.8746427842267951,0.765,0.01374730769523982,0.7036214397703223,0.5614866712906753
0.8752142594816426,0.7659999999999999,0.01380881351601837,0.704352764957833,0.5634097217114722
0.8757853618324527,0.7670000000000001,0.013983584373176707,0.7040631415229285,0.5648989167283703
0.8763560920082658,0.768,0.014040094610444639,0.7048133359197915,0.5668410486303678
0.8769264507357502,0.769,0.01413381776784467,0.7054816223602658,0.5686364709045203
0.8774964387392122,0.77,0.014237887088050176,0.7058530529707853,0.5704054307930254
0.8780660567406077,0.771,0.014361076523606029,0.7060069309974724,0.5720761747986581
0.8786353054595518,0.7719999999999999,0.014434088741159298,0.7057845679565985,0.5739602557832195
0.8792041856133307,0.773,0.014568155277215283,0.7053747184879868,0.5755934670717736
0.8797726979169108,0.774,0.01463376169449468,0.7069859110489036,0.5775009283166125
0.8803408430829505,0.775,0.01478578992818799,0.7074323626764208,0.5790666412809369
0.8809086218218096,0.776,0.014899944268787569,0.7070488388254544,0.5807909204318523
0.8814760348415606,0.7770000000000001,0.015084725027498079,0.7065202218099284,0.5822340210328393
0.8820430828479978,0.7779999999999999,0.015095322259499729,0.7075931117424904,0.5843471185641486
0.8826097665446492,0.7790000000000001,0.015275796250172344,0.7066007050047252,0.5858058485757617
0.8831760866327847,0.78,0.01536733831557225,0.7072572597476298,0.5876050288700606
0.8837420438114281,0.781,0.015492873345942631,0.707566487538379,0.5892853100998487
0.8843076387773657,0.7819999999999999,0.015569040290269388,0.7074498259786344,0.5911298892952614
0.8848728722251575,0.783,0.015619657069907974,0.7091579249364729,0.5930656851257511
0.8854377448471462,0.784,0.0157557513826187,0.7092578140965298,0.5947091357611037
0.8860022573334675,0.7849999999999999,0.015995581723510528,0.7080717809529762,0.5959581585588939
0.8865664103720601,0.786,0.016047338497832846,0.7084657627610268,0.5978995773087432
0.887130204648675,0.7869999999999999,0.01612758923300508,0.7081527684651258,0.5997335527963599
0.8876936408468858,0.7879999999999999,0.016253342587528273,0.7082631728639812,0.6014012424822769
0.8882567196480982,0.789,0.01644705057617115,0.708562653785048,0.6028304204671078
0.8888194417315589,0.79,0.016508798405694886,0.710604673383807,0.604724579164231
0.8893818077743664,0.7909999999999999,0.0165565775392329,0.7094311725559255,0.6066660206316362
0.8899438184514796,0.7920000000000001,0.01669789688377507,0.7102261638511087,0.6082817858056245
0.8905054744357275,0.793,0.016850174677596762,0.7099165722540356,0.6098501395978763
0.8910667763978186,0.794,0.016893449344817582,0.7117137498367996,0.6118062847956801
0.8916277250063505,0.7950000000000002,0.017062814077636903,0.7111528531678835,0.6133175964581281
0.8921883209278185,0.7960000000000002,0.017227148564631926,0.7097813080170731,0.6148557420107558
0.8927485648266258,0.797,0.01733966987835706,0.7110742687272706,0.6165633492299893
0.8933084573650918,0.798,0.01752507040348118,0.7110718272839683,0.6180300493605065
0.8938679992034618,0.799,0.01757166165311202,0.7112333121454764,0.6199709977217288
0.8944271909999159,0.7999999999999999,0.01774649070484013,0.711201626649875,0.621467061527659
0.8949860334105779,0.801,0.0179056134004191,0.7115604546930054,0.623020068476702
0.8955445270895245,0.802,0.017871118467798573,0.7125447861134839,0.6252195149222733
0.8961026726887941,0.8029999999999999,0.017962820659946307,0.71339741635602,0.6270027907794253
0.8966604708583958,0.8040000000000002,0.018106940301039477,0.7125038610649893,0.6285941618644545
0.897217922246318,0.8049999999999999,0.018343633278803333,0.7112197965274377,0.6298898565167399
0.8977750274985377,0.806,0.01835593785320779,0.7143455950522819,0.6319268215152252
0.8983317872590283,0.807,0.018459088409813133,0.7138236712836686,0.6336656906482863
0.8988882021697693,0.808,0.018656214086543704,0.7133860975684121,0.6350928813028378
0.8994442728707543,0.809,0.01867985915411094,0.7141275951557227,0.6370839824290955
0.9,0.81,0.018966860884180016,0.7139827552719906,0.6382293940886897
0.9005553841935542,0.8109999999999999,0.019039013827073795,0.7143406624930981,0.6400486411867764
0.9011104260855048,0.812,0.019141079346267836,0.7152661600468229,0.6417872558943581
0.901665126307988,0.813,0.019220377494616005,0.7160802017462069,0.6435898414084021
0.9022194854911968,0.8139999999999998,0.01944080052853707,0.7148683748164342,0.6449578856141538
0.9027735042633894,0.8150000000000001,0.019462296363386093,0.715587359382894,0.6469444745656964
0.9033271832508971,0.8159999999999998,0.019673746188006564,0.7156161465623382,0.6483238233874627
0.9038805230781334,0.8170000000000001,0.01966058225985869,0.7164857489701268,0.6504204628988074
0.904433524367601,0.818,0.01980636265714468,0.7181336569506609,0.6520088997634378
0.9049861877399014,0.819,0.02013901541478627,0.7158023169684868,0.653026507571963
0.9055385138137416,0.82,0.020194960312286105,0.7168263305580218,0.6548997827279202
0.9060905032059435,0.821,0.020247938483256175,0.71753896387075,0.6567720303815145
0.906642156531451,0.8220000000000001,0.02041397250594058,0.7167643836396245,0.6583064655709527
0.9071934744033381,0.8230000000000001,0.020476002352570664,0.718370953946146,0.6601529486244954
0.9077444574328174,0.8240000000000001,0.020588638606554868,0.7188929886169915,0.6618394476232772
0.9082951062292475,0.825,0.020778316992009566,0.7189686269333007,0.6633059321738101
0.908845421400141,0.826,0.020928802575296748,0.7179020104807432,0.6648825906374507
0.9093954035511725,0.827,0.021088946986345145,0.718737516990967,0.6664215166298831
0.909945053286186,0.828,0.021198393058301894,0.7185846770634071,0.6681246539896365
0.910494371207203,0.829,0.021261526965658688,0.7197047210564207,0.669969269660904
0.9110433579144299,0.8300000000000001,0.021472849704684493,0.7200339339663212,0.6713521539386077
0.9115920140062659,0.8310000000000001,0.02159070760990224,0.719745170874443,0.6730375689416411
0.9121403400793103,0.8319999999999999,0.021799860475536316,0.7199150478537387,0.674433313605672
0.9126883367283708,0.833,0.02191849379480287,0.7195959216510839,0.6760925661978507
0.9132360045464699,0.8340000000000001,0.02203046025895894,0.7202531328176143,0.6777858757703767
0.9137833441248533,0.8350000000000001,0.022078929598471922,0.7228873899864843,0.6796553287727255
0.9143303560529968,0.836,0.02229973766511899,0.7206759510051239,0.6810286269588022
0.9148770409186143,0.837,0.022461118015343038,0.7214603095999017,0.682572349612659
0.9154233993076646,0.838,0.022586484277090344,0.7221588691802581,0.6842159980205491
0.9159694318043589,0.839,0.022653330413114185,0.7228742553531582,0.6860301909016252
0.916515138991168,0.84,0.02287979690187464,0.7215565755650784,0.6873949874488976
0.91706052144883,0.841,0.022950875440906213,0.7223474972505659,0.6891785677643596
0.9176055797563569,0.8419999999999999,0.023116234676614025,0.7239336066520856,0.6907151861687979
0.9181503144910423,0.843,0.023229967361848798,0.7225957295672167,0.6923887152340833
0.9186947262284682,0.8440000000000001,0.023355275085507287,0.7234306806613146,0.6940281210690306
0.9192388155425117,0.845,0.02349055188655859,0.7247119395048661,0.6956415925414914
0.9197825830053535,0.8460000000000001,0.023605107763954438,0.7241728402569643,0.6973145825078197
0.9203260291874831,0.847,0.023839977816689686,0.7235785974484146,0.6986429006418959
0.920869154657707,0.848,0.024037786722245682,0.7242489372514644,0.700090391715105
0.9214119599831554,0.849,0.02405980799357712,0.7258043381423508,0.7020151883369532
0.9219544457292888,0.8500000000000001,0.024125915988074644,0.726732979748356,0.7037971657580911
0.9224966124599049,0.851,0.024449561318875893,0.7246066345399637,0.7049024472215787
0.9230384607371461,0.8520000000000001,0.024489847422945066,0.7256449414890886,0.7067695759336025
0.9235799911215054,0.8529999999999999,0.024654871096737956,0.7258979451099603,0.7082942235776433
0.9241212041718337,0.854,0.024615369347521836,0.7272746074020804,0.7103673678724036
0.9246621004453465,0.855,0.02482211194940307,0.7276494000860604,0.7117805314204636
0.9252026804976302,0.856,0.025084090428763917,0.7273871798565652,0.7130541926628112
0.9257429448826494,0.8570000000000001,0.02530222020508515,0.727428446009003,0.714446862505708
0.9262828941527529,0.858,0.025346458605580727,0.7279907570049425,0.7162858741302691
0.9268225288586807,0.859,0.025558426190975654,0.7278051554306713,0.7176865805888322
0.9273618495495703,0.86,0.02557775503748977,0.7288321463376501,0.7196037657291877
0.9279008567729636,0.861,0.025883709815440775,0.7281862940734112,0.7207507137011935
0.9284395510748128,0.8619999999999999,0.02594622799648683,0.7291641972065264,0.7225476500498768
0.9289779329994874,0.8630000000000001,0.026002257651884852,0.730473878470062,0.7243510660869673
0.92951600308978,0.8639999999999999,0.026194703260415026,0.7299443790956612,0.7258052343343195
0.9300537618869137,0.865,0.026274096627215183,0.7304650027349576,0.727548365693654
0.9305912099305473,0.866,0.02653136955075396,0.7304906190885199,0.7288354438169291
0.9311283477587824,0.867,0.026636570491300728,0.7310871439616307,0.730508727825179
0.9316651759081692,0.8679999999999999,0.02691061385323787,0.7311537909571287,0.731757305077137
0.9322016949137134,0.869,0.02681310987835301,0.732372689566244,0.7339348931504299
0.9327379053088815,0.8699999999999999,0.02721975535080848,0.7311286330475156,0.7348600963219007
0.9332738076256079,0.8710000000000001,0.02710198120767157,0.7334546612198168,0.7370826350767303
0.9338094023943002,0.8720000000000001,0.02742110674745709,0.7327723934250395,0.7382223877762333
0.9343446901438462,0.873,0.027666245162448918,0.7327462882346866,0.7395462136933385
0.9348796714016194,0.8739999999999999,0.027726183209504873,0.7337931671849399,0.7413279733820541
0.9354143466934853,0.875,0.02790907050120855,0.7332603439626674,0.7428109709214255
0.9359487165438072,0.8759999999999999,0.028172792943147323,0.7334739815542173,0.7440792040883565
0.9364827814754524,0.8769999999999999,0.02813616777047525,0.734892411661899,0.7460814058978289
0.9370165420097982,0.878,0.02844626647295423,0.7345479430646833,0.7472626331034765
0.9375499986667378,0.8790000000000001,0.028538107714685106,0.7347418905460238,0.7489557861666284
0.938083151964686,0.8800000000000001,0.028625709910485415,0.7362389024551516,0.7506554268046539
0.9386160024205852,0.881,0.028877937857363464,0.7352534461001912,0.751974934636313
0.9391485505499116,0.8819999999999999,0.029163941048525592,0.7347980009175671,0.7531966210665709
0.9396807968666807,0.883,0.029127935039177915,0.7368755086124281,0.7551939860953919
0.9402127418834527,0.8840000000000001,0.029329177583803587,0.7366161259315842,0.7566216851139024
0.9407443861113389,0.8849999999999999,0.029605142256249776,0.7367475411994555,0.7578804644390319
0.9412757300600074,0.886,0.02962519716153118,0.7376243040338087,0.7597437378485518
0.9418067742376883,0.887,0.029732914264548948,0.7378011640912082,0.7613834584899588
0.9423375191511797,0.8879999999999999,0.029863027838062006,0.7382515084257063,0.7629773169182233
0.9428679653058534,0.8889999999999999,0.029952863656374867,0.739213891729696,0.7646689847244003
0.9433981132056604,0.89,0.03037507807405284,0.7384698846386697,0.7655804000976072
0.9439279633531364,0.8910000000000001,0.03040911664887138,0.739138224529718,0.7674044814322432
0.9444575162494075,0.8919999999999999,0.03072508019279418,0.7392268400648206,0.7685706407702402
0.944986772394196,0.893,0.030837148780950566,0.7392384032649182,0.7701994131008614
0.9455157322858251,0.894,0.03081876561020583,0.7407639521380993,0.7721259691118119
0.9460443964212251,0.895,0.031063234569739997,0.7405335602353171,0.7734618981627188
0.9465727652959386,0.896,0.031412242663181524,0.7410542338388235,0.7745614942731119
0.9471008394041259,0.8969999999999999,0.03146775500814347,0.7421175531133416,0.776312028077881
0.9476286192385707,0.8979999999999999,0.03147754336770392,0.7427887383339571,0.7781692785753294
0.9481561052906847,0.899,0.031857340263444014,0.7417013267807724,0.7792004921169992
0.9486832980505138,0.8999999999999999,0.0318016408881418,0.7436296049979226,0.7812041361845249
0.9492101980067429,0.901,0.03213963436952703,0.7430864496239652,0.7823349201131756
0.9497368056467013,0.902,0.03232762348839345,0.7434015509767071,0.7837828826932403
0.950263121456368,0.9030000000000001,0.032537931607188104,0.7442568485908395,0.7851907611686509
0.950789145920377,0.9039999999999999,0.032749395257136125,0.7444495894930746,0.7866094699874774
0.9513148795220224,0.905,0.0328870411256,0.7446563150895906,0.7881689233238757
0.9518403227432635,0.9059999999999999,0.0330129106471042,0.7449800013337793,0.7897713537282832
0.9523654760647301,0.907,0.03304118054036091,0.7469618688541759,0.7915620553820226
0.9528903399657277,0.9080000000000001,0.033099269029755955,0.7470968684679872,0.7932902420896243
0.9534149149242422,0.909,0.033458049100859165,0.7464354187118483,0.7943907735874722
0.9539392014169457,0.91,0.033535396620266174,0.7478399287427293,0.7960765853906313
0.9544631999192007,0.911,0.03369408123784952,0.7484273410118287,0.7975891742212617
0.9549869109050658,0.9120000000000001,0.033937693655204854,0.7480768843149296,0.7989272777919023
0.9555103348473003,0.9129999999999999,0.03404527966735489,0.7484705581578667,0.800552490860245
0.9560334722173696,0.9139999999999999,0.034278529273243236,0.7491116495980368,0.8019037492844127
0.9565563234854496,0.9150000000000001,0.03442562534210757,0.7489162718466645,0.8034435248925863
0.9570788891204319,0.916,0.034624113432244585,0.7505131818012221,0.8048788675126933
0.957601169589929,0.917,0.03476708967014378,0.7507977307216401,0.8064248509947703
0.9581231653602788,0.918,0.03500621726419071,0.7508666213952745,0.8077691785114726
0.9586448768965492,0.9189999999999999,0.03529109344304345,0.7510334173343741,0.8090232414342806
0.9591663046625439,0.92,0.035475296915610424,0.7516131036077519,0.8104779825561081
0.9596874491208063,0.9210000000000002,0.035709758787546314,0.7513542131087647,0.8118352736439665
0.9602083107326244,0.922,0.03563833801890659,0.7528952033123862,0.8138060053113448
0.960728889958036,0.9229999999999999,0.035836560402391915,0.7535899660640308,0.8152383134273249
0.9612491872558333,0.924,0.03595406595593391,0.7535166211895412,0.8168308503020107
0.9617692030835673,0.925,0.03630988751150329,0.7541136743959751,0.817942710958108
0.9622889378975527,0.9259999999999999,0.03631575200869956,0.7553689946236709,0.8197571844886233
0.9628083921528727,0.9269999999999999,0.036455740390748705,0.7560822170554273,0.8212992057665267
0.9633275663033837,0.928,0.03668848505054762,0.7563212025723989,0.8226662917354344
0.9638464608017192,0.929,0.036934082403361435,0.7566692498830887,0.8239926952952367
0.9643650760992956,0.9300000000000002,0.03698031168348729,0.7577783008735594,0.8257212230676476
0.9648834126463155,0.9309999999999999,0.0371654741992677,0.7580083092883477,0.827161262054291
0.9654014708917736,0.932,0.037470002979054194,0.7580776628631528,0.8283830199815797
0.96591925128346,0.9329999999999999,0.03782849875649307,0.7579365123694913,0.8295025670473034
0.9664367542679656,0.9340000000000002,0.03788504641687341,0.7588382057403102,0.8312019181855912
0.9669539802906858,0.9349999999999999,0.03803315288695036,0.7594365963469862,0.8327255593708375
0.9674709297958259,0.9359999999999999,0.038126000863784676,0.7606089876433368,0.8343417410423706
0.967987603226405,0.937,0.0384189646355434,0.7611530964818864,0.8355952244034416
0.96850400102426,0.938,0.03872302794652016,0.7605318760514443,0.8368187002574685
0.9690201236300513,0.939,0.03859628914992349,0.762281518114631,0.8388461545261976
0.9695359714832658,0.94,0.03893385106939876,0.7627580468510093,0.8400109580689037
0.970051545022222,0.9410000000000001,0.039033748247999794,0.763270399099894,0.8416209293989817
0.9705668446840743,0.942,0.039277405893246166,0.7628257927041514,0.8429534921825637
0.9710818709048171,0.943,0.039526751006349496,0.7639743397225031,0.8442770616610448
0.9715966241192895,0.944,0.03960625014775787,0.7657298643046447,0.8459176551392129
0.972111104761179,0.945,0.03978284035988201,0.7651840803669062,0.84737954383332
0.9726253132630263,0.946,0.040175889638390826,0.7652357295192601,0.8484429214333259
0.973139250056229,0.9469999999999998,0.04037855549309714,0.766210841944873,0.8498563357114377
0.9736529155710468,0.9480000000000001,0.040482128124291965,0.767798284662592,0.8514430757386896
0.9741663102366043,0.949,0.04067067203793025,0.7681712398643566,0.8528885313885477
0.9746794344808963,0.9499999999999998,0.04075986530371713,0.7688233020252166,0.8544987445719784
0.9751922887307918,0.951,0.041177599723712335,0.7686632584355316,0.8555300901487104
0.9757048734120374,0.9519999999999998,0.0410992685861094,0.7700317768820567,0.8574446625676188
0.9762171889492625,0.953,0.04132048647826141,0.7705195616628465,0.8588101982046595
0.9767292357659824,0.954,0.04164099039599469,0.7712704563719394,0.8600178006440565
0.9772410142846032,0.9550000000000001,0.04189146910787864,0.7711846331570409,0.861341017861724
0.9777525249264253,0.9559999999999998,0.04190017023653044,0.7722804505474541,0.8630883825593614
0.9782637681116478,0.9569999999999999,0.042053529194419646,0.7738865039998437,0.8645831889053343
0.9787747442593725,0.9580000000000001,0.04220547939750428,0.7738354859283051,0.8660752157404557
0.9792854537876073,0.9590000000000001,0.042255226331993884,0.7749438496165146,0.8677574105065403
0.9797958971132712,0.96,0.042510223947216326,0.7760423887646579,0.8690664805792431
0.9803060746521975,0.9609999999999999,0.043212588283181974,0.7753380497283664,0.8696029544014711
0.9808159868191383,0.9620000000000001,0.043082769603340274,0.7765717510334903,0.8715852557972408
0.9813256340277675,0.9629999999999999,0.043075017188209636,0.7784600910094504,0.873354829359889
0.9818350166906862,0.964,0.0435434105029781,0.7787245010244535,0.8743003710049355
0.982344135219425,0.965,0.04343482839393534,0.7800139558392528,0.8762353829206111
0.9828529900244491,0.966,0.04365916426893721,0.7800963942639936,0.8776004420875021
0.9833615815151617,0.9670000000000001,0.044407708871559815,0.780229169759171,0.8780620017608739
0.9838699100999074,0.968,0.044454300830523825,0.7814542086596844,0.8797375047467567
0.984377976185977,0.9689999999999999,0.0444640179799861,0.7827390064987652,0.8814673501880302
0.9848857801796105,0.97,0.04461959719216999,0.7833206612975737,0.8829496522242429
0.985393322486001,0.971,0.0449429658490341,0.7840261299507096,0.884154697017659
0.985900603509299,0.972,0.04522342027221575,0.7842781098501583,0.8854139901241997
0.9864076236526155,0.9729999999999999,0.04522820021522895,0.7865967291925358,0.8871487614665641
0.9869143833180262,0.9739999999999999,0.04557602893829311,0.7872529548933491,0.8883058614150674
0.9874208829065749,0.975,0.045543553561135194,0.7877240730696315,0.8901011352966856
0.9879271228182775,0.9760000000000001,0.04609764497240772,0.7879149687215716,0.8909110126024203
0.9884331034521254,0.9770000000000001,0.04611165780882503,0.789863972307184,0.892625334752579
0.9889388252060892,0.9779999999999999,0.046313531553361056,0.7912103815841701,0.8940223824212948
0.9894442884771228,0.9789999999999999,0.046435400564042786,0.7920503387082314,0.895548666408684
0.9899494936611666,0.9800000000000001,0.046796189182765874,0.792780361404636,0.8966840373782974
0.9904544411531506,0.9809999999999999,0.047259234746931784,0.7927716021972319,0.8976629156727386
0.9909591313469996,0.9820000000000001,0.04710999701600036,0.7950232514489799,0.8996307849563216
0.991463564635635,0.983,0.047390369596949665,0.7958146585097806,0.9008962779918491
0.9919677414109795,0.984,0.04746460985919286,0.7978964715995076,0.9024989917947581
0.9924716620639604,0.9850000000000001,0.04756251628335477,0.7997115681786119,0.9040671412818867
0.9929753269845127,0.986,0.047904475783103126,0.7997922382691001,0.905230376048978
0.9934787365615834,0.987,0.04816244251534716,0.8010634183954408,0.9065383156048455
0.9939818911831342,0.988,0.048241126981323004,0.802960287577289,0.9081295459684079
0.9944847912361455,0.989,0.04876983432355458,0.8034089080184273,0.9090016727744261
0.99498743710662,0.99,0.0486011579448598,0.8058037537562881,0.9109811081685277
0.9954898291795853,0.9909999999999999,0.04915180471466543,0.8069773703833585,0.9118244252523924
0.9959919678390986,0.992,0.04935656784567795,0.8079910872215205,0.9132132419458245
0.9964938534682489,0.993,0.04940002722944001,0.810316382426711,0.9148573258047732
0.9969954864491614,0.9939999999999999,0.04968040448157569,0.8118268737876613,0.9161211707828061
0.9974968671630001,0.9949999999999999,0.05002600517359405,0.8140134305335553,0.917287209991272
0.997997995989972,0.9960000000000001,0.050210231927565706,0.8165667886657627,0.9187063641654988
0.9984988733093293,0.997,0.050350239729222715,0.8189123435449539,0.9201876138802125
0.9989994994993742,0.9980000000000001,0.050575003747963795,0.8218968357561942,0.9215424581232472
0.999499874937461,0.9990000000000001,0.050934621168734984,0.826180574571135,0.9226934843473875
1.0,1.0,0.05076153621465407,0.8364935754677751,0.9246478655861405
