11.390449069669321
11.204157420769915
11.085678498924144
11.004016086864462
10.944407197025148
10.899012645319583
10.863302813347756
10.834483249635056
10.8107382906824
10.790837765268558
10.773918922119247
10.759358941183446
10.746697027361353
10.73558498174722
10.725754813640327
10.716996916690348
10.709144998915058
10.702065449031627
10.695649687463971
10.689808568751994
10.684468221204677
10.679566911078966
10.675052648631443
10.670881339103573
10.667015339250534
10.663422319325365
10.660074357693409
10.656947214436089
10.654019743986593
10.651273416716338
10.648691926605663
10.646260867456402
10.643967464072862
10.641800347825399
10.639749368277734
10.637805434293915
10.635960379380514
10.634206847058586
10.632538192873852
10.63094840029453
10.62943200825397
10.627984048498668
10.626599991229318
10.625275697780591
10.624007379299776
10.62279156055492
10.621625048145098
10.62050490250018
10.619428413153921
10.618393076851659
10.61739657812169
10.616436771991854
10.615511668580764
10.614619419329932
10.613758304677514
10.61292672299929
10.612123180668714
10.611346283105231
10.610594726698586
10.609867291510422
10.609162834667533
10.608480284371296
10.60781863445739
10.607176939447513
10.606554310042323
10.60594990900997
10.605362947430676
10.604792681261435
10.60423840819015
10.603699464750278
10.60317522367183
10.602665091446292
10.602168506085409
10.60168493505605
10.601213873375551
10.60075484185288
10.600307385462726
10.599871071841234
10.599445489892567
10.599030248497233
10.598624975313088
10.59822931566205
10.597842931494757
10.597465500427495
10.597096714845065
10.596736281064691
10.596383918556068
10.596039359213377
10.595702346674724
10.595372635686445
10.595049991507523
10.594734189352659
10.594425013869678
10.594122258650176
10.593825725769769
10.593535225356693
10.593250575186469
