0.8738311200294625
0.8606607897992249
0.8525099696213686
0.8469955818337362
0.8430243612007232
0.8400309039132103
0.8376949035001601
0.8358217763738945
0.8342866501350816
0.8330057766540718
0.8319209197280195
0.8309903421642251
0.8301833565864507
0.829476899641785
0.8288533050557763
0.8282988134999714
0.8278025499508513
0.8273558060576612
0.8269515264809211
0.8265839346637174
0.8262482558133921
0.8259405088702132
0.8256573482272092
0.8253959418577912
0.8251538764452547
0.824929082785571
0.824719776584599
0.8245244110676923
0.8243416387413061
0.8241702803094514
0.8240092992307385
0.8238577807571792
0.8237149145601859
0.8235799802475665
0.8234523352255394
0.8233314044745152
0.8232166718956905
0.8231076729539775
0.8230039883962565
0.8229052388659739
0.8228110802683583
0.8227211997669831
0.8226353123135818
0.8225531576300598
0.8224744975754266
0.8223991138415687
0.8223268059309375
0.8222573893767141
0.822190694172207
0.8221265633813348
0.8220648519063023
0.8220054253921035
0.8219481592504577
0.8218929377882539
0.8218396534276816
0.8217882060069912
0.8217385021523204
0.821690454712305
0.82164398224827
0.8215990085737329
0.821555462337741
0.8215132766472518
0.8214723887243547
0.821432739594639
0.8213942738034583
0.8213569391572186
0.8213206864871541
0.821285469433342
0.8212512442469638
0.8212179696090369
0.8211856064640402
0.8211541178670246
0.8211234688429508
0.821093626257127
0.82106455869574
0.8210362363555732
0.8210086309420972
0.8209817155752018
0.8209554647019085
0.8209298540154679
0.8209048603803042
0.8208804617623187
0.8208566371641125
0.8208333665647264
0.8208106308635368
0.8207884118279741
0.8207666920447674
0.8207454548744358
0.8207246844087823
0.8207043654311572
0.8206844833792856
0.8206650243104666
0.8206459748689706
0.8206273222554731
0.8206090541983792
0.8205911589269029
0.8205736251457791
