0.05281575154153173
0.058579551885720615
0.06223285833066927
0.06474105015770137
0.0665655258283635
0.06795085791189626
0.06903794835260446
0.06991345587581876
0.07063352259606981
0.07123608613922983
0.07174768996504
0.07218745501954427
0.07256950099833448
0.07290447912803377
0.0732005744333043
0.07346417979516429
0.0737003605834472
0.07391318197496144
0.0741059440443399
0.07428135356534282
0.07444165153523086
0.07458870917974547
0.07472410116345041
0.07484916207644476
0.07496503048906944
0.07507268365256747
0.07517296508283766
0.07526660667334506
0.07535424656219103
0.07543644367469393
0.07551368964125427
0.07558641862688564
0.07565501548715003
0.07571982257365928
0.07578114544296621
0.0758392576695639
0.07589440492280541
0.07594680843578494
0.07599666796941129
0.07604416435530714
0.07608946168576058
0.07613270920656079
0.07617404295869679
0.07621358720697557
0.07625145568709701
0.0762877526975716
0.07632257405852538
0.0763560079559571
0.0763881356870797
0.07641903232003766
0.07644876727922312
0.07647740486583077
0.07650500472183697
0.07653162224445875
0.07655730895715074
0.07658211284236105
0.07660607864056246
0.07662924811950012
0.07665166031703452
0.07667335176056889
0.07669435666563984
0.07671470711597017
0.07673443322692552
0.07675356329419014
0.07677212392914112
0.07679014018233421
0.07680763565627202
0.07682463260854067
0.0768411520462512
0.07685721381264476
0.07687283666657974
0.07688803835561031
0.07690283568322376
0.07691724457078775
0.07693128011468753
0.07694495663906487
0.07695828774458091
0.07697128635351602
0.07698396475154645
0.07699633462646394
0.07700840710411105
0.07702019278174732
0.07703170175907936
0.0770429436671094
0.0770539276950235
0.07706466261523026
0.07707515680672739
0.07708541827691318
0.07709545468195111
0.07710527334582717
0.0771148812781699
0.07712428519093217
0.07713349151402837
0.07714250640999909
0.07715133578775368
0.0771599853155015
0.07716846043286885
