1.2861525676332195
1.2723000650561065
1.2631618215536884
1.2567251966878603
1.2519582767603694
1.2482900979521614
1.2453817493635726
1.243020096521342
1.2410646407236225
1.2394191051373988
1.238015348821291
1.236803809009719
1.2357475840003866
1.2348186384876443
1.2339952946479078
1.2332605285536893
1.2326007859857566
1.232005142006159
1.2314646933398568
1.230972111701768
1.2305213104684916
1.2301071925207885
1.2297254571076823
1.2293724502275423
1.2290450475058114
1.228740561625814
1.2284566685124731
1.2281913479829973
1.2279428356623192
1.2277095837460341
1.2274902287686145
1.2272835649602667
1.227088522093934
1.226904146963924
1.2267295878201925
1.22656408122238
1.2264069408858984
1.2262575481766413
1.2261153439769064
1.2259798216971936
1.225850521249922
1.2257270238340616
1.2256089474061782
1.2254959427347834
1.2253876899521905
1.2252838955321934
1.2251842896334746
1.2250886237581373
1.2249966686825848
1.2249082126245165
1.2248230596151786
1.2247410280505608
1.2246619493989934
1.224585667045803
1.2245120352583623
1.2244409182571456
1.2243721893803483
1.224305730331242
1.2242414304988651
1.2241791863438634
1.2241189008422781
1.2240604829810258
1.2240038472995325
1.223948913472691
1.223895605930839
1.2238438535129914
1.2237935891499794
1.2237447495745286
1.2236972750556434
1.2236511091549505
1.2236061985029119
1.2235624925930495
1.2235199435925013
1.2234785061674285
1.2234381373219223
1.2233987962492172
1.2233604441941186
1.2233230443256797
1.2232865616192479
1.2232509627470682
1.2232162159767586
1.2231822910769796
1.2231491592297148
1.2231167929486413
1.2230851660030844
1.2230542533471276
1.2230240310534761
1.2229944762516913
1.222965567070482
1.2229372825837326
1.2229096027599904
1.2228825084151633
1.2228559811681816
1.2228300033994186
1.2228045582116667
1.2227796293934865
1.2227552013847744
